#type   avg   std   min   p5   p10   p50   p67   p75   p80   p85   p90   p95   p99   p999   p9999   QPS   target
210.2   192.9   59.1   97.1   107.8   181.2   226.7   253.4   273.4   297.7   332.0   388.2   541.1   2180.9   8328.8   29942.3   30000
241.7   363.4   54.7   96.1   107.9   194.5   245.4   276.0   300.4   332.3   375.0   447.3   773.3   5642.6   12071.9   29998.1   30010
281.0   491.8   63.8   95.4   107.3   216.6   281.8   317.6   345.3   382.1   431.0   512.9   1105.6   7102.8   19187.7   30025.0   30020
268.3   544.9   63.8   95.5   105.5   195.6   253.2   286.8   312.8   345.0   389.7   470.4   1496.5   7918.1   19216.0   30016.4   30030
244.9   435.1   63.8   95.5   105.4   186.8   238.0   270.2   295.3   327.0   369.7   443.6   827.1   6724.1   15044.5   30055.0   30040
236.5   429.4   63.8   94.0   102.5   181.6   234.2   265.3   288.5   317.4   357.8   423.6   760.6   6500.0   15869.7   29987.6   30050
243.9   450.6   63.8   94.5   104.1   185.0   235.9   268.7   294.3   326.3   368.5   440.9   839.2   6585.3   16133.6   30097.6   30060
254.5   420.2   63.8   94.3   104.9   196.4   257.3   291.8   317.1   348.7   392.2   461.2   876.0   6299.7   13816.4   30077.7   30070
245.3   420.5   63.8   94.3   104.2   187.2   240.8   274.1   299.4   331.6   373.4   446.2   849.3   6303.4   14412.4   30084.7   30080
247.3   428.7   63.8   93.6   103.2   187.3   244.1   277.8   303.0   334.0   375.0   445.9   884.8   6680.5   12903.6   30076.8   30090
227.9   404.7   59.1   90.8   99.3   172.8   225.4   255.5   278.8   308.2   347.3   413.9   748.6   6189.6   12792.9   30156.6   30100
244.0   405.0   63.8   94.5   104.3   187.4   245.2   277.8   302.2   332.8   373.7   442.4   812.2   6476.6   12836.8   30119.4   30110
246.5   447.7   59.1   93.3   103.0   185.2   239.7   273.1   298.0   329.5   371.6   444.2   892.1   6802.1   13883.5   30095.2   30120
238.0   388.8   59.1   92.6   102.3   183.8   238.3   271.3   295.7   326.7   368.4   435.7   802.6   6147.0   11533.0   30145.5   30130
245.4   402.1   59.1   93.6   103.2   187.3   245.0   278.3   303.1   334.4   376.6   447.6   891.7   5924.5   12576.5   30014.5   30140
243.5   406.1   59.1   93.5   103.3   187.1   242.5   276.2   301.2   332.3   374.2   445.3   830.3   6305.9   12548.4   30148.1   30150
240.7   447.0   59.1   92.2   101.6   183.3   239.5   272.4   296.3   326.3   367.0   433.8   789.4   6661.0   17325.3   30162.8   30160
242.9   317.9   54.7   98.4   111.1   197.5   253.6   286.9   311.8   342.4   385.3   454.3   714.3   5235.3   10303.9   30158.7   30170
224.1   210.6   54.7   97.5   110.3   191.5   244.3   274.7   297.5   325.4   364.1   424.6   574.1   2029.9   8489.2   30171.4   30180
215.6   194.9   54.7   97.8   109.5   182.9   231.2   262.3   285.2   313.7   351.5   411.9   556.1   1710.0   8191.0   30123.9   30190

