Random waveform, supplied seed
Total number of intervals = 180 (5031, 54838, 74868, 30015, 40743, 23648, 97712, 53672, 55395, 29425, 15173, 82475, 90555, 47944, 28313, 28504, 22886, 35717, 14828, 81704, 55771, 85226, 75020, 12441, 56208, 17446, 86943, 49138, 49839, 47752, 27181, 6170, 7187, 99387, 91970, 79658, 59230, 78081, 64242, 37702, 40686, 30376, 38416, 65892, 39560, 10016, 55224, 19982, 48114, 36283, 23315, 11150, 98724, 56880, 13467, 99368, 46206, 71651, 22741, 56654, 99570, 23047, 70008, 42943, 46704, 75970, 21917, 82027, 81583, 14259, 7821, 17727, 65559, 41133, 28693, 53141, 54512, 14835, 98446, 38117, 77994, 30209, 68315, 91940, 49308, 46880, 92540, 49396, 97841, 35404, 80451, 87228, 75554, 57964, 83546, 55468, 34203, 37629, 34577, 47426, 58845, 66993, 10977, 51529, 48344, 5902, 71602, 41886, 47456, 93939, 16890, 45689, 32790, 44044, 28149, 39739, 72475, 93882, 6692, 50406, 83055, 55609, 16968, 43031, 17236, 82183, 42212, 12244, 61777, 36984, 29093, 41715, 34838, 63574, 24401, 32025, 98971, 23657, 67877, 53849, 79536, 17081, 39024, 26125, 33388, 20979, 95865, 73949, 60987, 54175, 51484, 39771, 32864, 42033, 43808, 45785, 35582, 38504, 15320, 74264, 43890, 5962, 38365, 55971, 23217, 87681, 91728, 96668, 80475, 27150, 53444, 23737, 87776, 82175, 98548, 37704, 64701, 69089, 89785, 16676)
Average QPS expected = 50230
Timestamp start: 1622167839166
Timestamp end: 1622169639646

#type       avg     std     min      p5     p10     p50     p67     p75     p80     p85     p90     p95     p99    p999   p9999      QPS   target
read      452.8  1260.1    74.4   154.3   193.8   308.7   364.1   396.0   421.8   456.0   505.5   701.4  3384.6 28941.9 32354.7   5025.9     5031
read      477.6   844.5    68.9   122.6   145.6   352.3   444.2   499.4   546.0   610.5   711.1  1227.8  2550.8 10478.9 31800.6  54843.0    54838
read      453.5   822.3    74.4   128.1   153.4   358.2   443.8   494.6   536.6   593.0   677.6   841.4  2732.7 10659.4 31993.1  74953.6    74868
read      532.5   855.4    74.4   120.5   141.7   344.2   464.7   570.2   713.2  1003.9  1188.5  1386.0  2474.6  9789.0 31781.0  29966.2    30015
read      469.5   641.5    74.4   120.3   141.5   346.3   437.0   500.4   553.7   630.8   809.7  1452.0  2100.0  6384.0 29370.5  40670.1    40743
read      540.3   939.1    74.4   121.1   143.3   348.1   499.9   644.0   805.4   927.6  1049.4  1224.0  3041.8 11041.0 32194.8  23751.3    23648
read      565.5   739.6    74.4   184.3   248.1   458.3   523.7   583.8   656.8   779.5   901.7  1153.0  2134.6  8774.2 30978.5  97743.9    97712
read      431.0   680.1    68.9   120.0   141.7   344.6   431.9   483.0   525.5   579.7   652.5   827.0  2300.0  7911.3 31154.4  53645.1    53672
read      432.2   677.4    68.9   121.4   143.4   343.7   431.4   483.5   526.1   580.7   656.4   843.6  2201.6  8498.6 31152.9  55428.4    55395
read      535.9   844.5    68.9   118.9   140.3   342.8   470.2   587.1   786.8  1022.3  1184.2  1373.2  2395.6 11337.7 31715.7  29437.4    29425
read      525.1   968.7    74.4   125.9   150.2   375.6   532.9   644.5   711.9   781.1   861.2   999.4  3027.6 12408.4 32049.2  15251.9    15173
read      558.4   764.4    74.4   145.0   186.7   421.9   498.8   561.1   634.8   756.0   936.4  1645.4  2609.3  8244.1 30987.8  82381.6    82475
read      470.7   700.7    74.4   141.4   176.3   391.7   473.8   525.6   569.5   630.6   724.0   892.2  2352.0  8855.8 30885.8  90525.9    90555
read      435.9   770.2    74.4   118.6   140.0   341.5   427.2   476.6   519.1   574.2   649.3   871.7  2156.4  9329.3 31467.4  47971.4    47944
read      531.2   806.9    74.4   120.4   142.5   345.2   478.9   595.9   772.7   983.2  1141.5  1330.2  2692.8  8406.5 32243.2  28365.1    28313
read      561.8   881.2    74.4   122.0   144.5   355.5   504.8   669.9   895.9  1060.7  1206.5  1396.0  2335.0 10728.8 32242.4  28561.9    28504
read      566.8  1094.3    74.4   120.6   143.8   355.6   532.2   718.6   842.2   944.5  1054.1  1214.2  3210.5 13433.6 35333.3  22894.4    22886
read      475.0   879.0    74.4   117.8   138.6   340.3   430.8   494.7   547.6   619.1   784.1  1352.5  2203.2 12178.0 32107.0  35722.0    35717
read      555.4  1156.5    74.4   123.3   147.1   372.4   523.8   633.3   702.2   775.1   864.6  1076.6  3716.9 18283.1 32433.5  14786.8    14828
read      545.5   801.1    68.9   139.7   178.0   410.0   486.2   544.6   612.6   719.9   893.4  1602.5  2693.4 10014.2 31403.7  81741.5    81704
read      441.9   758.4    74.4   120.7   142.5   343.3   430.5   482.1   525.5   582.6   663.1   877.6  2352.1  9662.7 31808.5  55716.2    55771
read      453.5   760.5    74.4   134.0   163.9   370.6   451.9   501.8   543.2   601.8   688.7   836.3  2380.7 11087.1 31313.6  85220.7    85226
read      437.2   796.0    74.4   125.4   149.6   346.2   429.8   479.4   521.0   578.1   657.8   801.0  2527.9 10244.4 31943.7  74974.4    75020
read      602.8  1757.7    74.4   124.2   148.5   356.8   476.9   558.7   615.1   676.5   755.4   929.7  6831.2 31109.9 37407.2  12401.6    12441
read      454.2   651.9    68.9   122.1   144.6   343.3   434.3   491.0   538.6   601.5   693.5  1182.0  2475.6  6970.7 30368.6  56315.4    56208
read      523.7  1043.4    74.4   122.0   145.3   361.8   512.1   641.9   725.4   804.7   891.9  1029.4  3020.6 11805.1 34730.5  17456.2    17446
read      537.0   855.3    68.9   148.4   189.6   422.2   495.9   545.6   600.9   695.9   840.5  1114.9  2653.4 12201.7 31703.1  86987.9    86943
read      445.5   779.0    74.4   120.3   142.1   348.0   436.0   488.6   532.8   589.5   669.8   892.1  2258.5  9314.8 32002.9  49065.2    49138
read      430.8   658.4    68.9   119.2   141.0   343.1   430.9   481.2   524.1   579.7   654.6   869.8  2170.8  7232.9 30794.3  49799.8    49839
read      425.0   637.4    74.4   118.0   139.1   339.8   426.2   476.0   519.6   575.6   651.6   891.6  2054.6  7102.7 30744.5  47584.9    47752
read      868.4  2448.8    74.4   122.6   146.4   374.1   532.4   755.4  1014.5  1210.3  1485.4  2489.1  7829.1 32270.3 61845.3  27143.0    27181
read     5512.4 60503.8    80.4   145.6   188.5   342.5   434.0   495.7   550.2   658.2  1554.4  3451.6 31597.7 930608.8 960663.5   6143.6     6170
read      717.9  2962.4    80.4   141.5   180.7   346.3   440.9   495.0   537.1   593.0   706.4  1313.0  6613.4 52324.8 63733.7   7189.2     7187
read      633.5   610.3    74.4   326.7   379.4   499.4   570.1   659.2   795.5   895.7   989.2  1348.6  2075.8  6657.2 24717.5  99182.3    99387
read      453.2   691.1    68.9   137.5   170.3   377.7   458.8   507.9   550.3   611.1   693.3   846.4  2173.5  8832.5 31040.9  91800.2    91970
read      446.0   735.0    74.4   129.6   156.6   360.7   444.6   495.8   539.0   597.4   680.7   831.3  2413.1 10091.5 31417.4  79643.5    79658
read      440.5   649.8    68.9   122.6   145.1   346.6   436.2   490.3   534.4   590.7   670.0   877.2  2451.5  7734.2 30487.3  59263.9    59230
read      455.2   787.9    74.4   128.8   155.2   361.9   447.0   498.9   541.3   598.1   681.4   842.6  2677.7 10934.6 31398.1  78004.0    78081
read      430.6   658.8    74.4   121.6   144.0   340.2   427.4   478.1   520.4   577.1   653.6   832.1  2353.5  7669.4 30846.9  64164.6    64242
read      432.8   764.3    74.4   119.0   140.2   346.5   429.6   481.8   526.2   580.9   656.6   893.0  1841.3 10263.0 31868.0  37618.3    37702
read      420.3   568.8    74.4   117.7   138.8   342.0   424.3   473.9   517.6   573.6   649.3   938.0  1905.2  6090.8 29937.0  40718.4    40686
read      502.3   626.7    74.4   121.1   142.0   342.7   459.3   566.1   714.4   982.4  1166.0  1352.4  1731.2  5796.6 29237.6  30359.9    30376
read      443.0   685.5    74.4   118.0   139.0   342.7   428.2   484.4   531.4   591.7   686.6  1200.6  2020.9  8003.1 31181.8  38418.6    38416
read      444.7   724.7    74.4   123.7   147.1   351.3   440.4   493.1   536.5   592.6   672.5   851.4  2461.1  8482.8 31495.0  65866.6    65892
read      430.5   668.4    74.4   119.5   140.4   344.6   429.2   482.6   527.5   584.8   664.4   935.0  1878.2  8108.9 30971.7  39577.0    39560
read      490.6  1166.8    74.4   127.9   155.8   355.6   458.6   524.0   569.4   619.4   681.6   792.3  3119.0 16184.3 36918.1   9985.5    10016
read      439.6   581.9    74.4   120.4   142.3   339.3   429.0   483.4   529.7   589.8   679.0  1155.9  2276.2  5809.1 25201.8  55290.4    55224
read      517.3   731.2    68.9   122.1   145.6   358.5   513.6   662.9   781.6   882.7   987.9  1150.8  2505.6  8228.4 31076.0  20022.4    19982
read      447.4   768.2    68.9   120.3   141.8   348.4   434.9   488.0   532.7   588.9   668.8   931.6  2287.4  9688.3 31781.5  48205.1    48114
read      422.3   577.6    74.4   118.7   139.6   345.1   429.4   482.8   527.3   581.8   657.3   896.5  1811.6  6662.4 28030.0  36281.5    36283
read      412.1   741.6    74.4   118.4   138.0   328.8   419.4   473.5   513.9   562.9   632.6   879.4  1561.6  8892.1 32294.8  23237.9    23315
read      391.9   859.8    74.4   128.2   150.0   317.3   384.0   420.4   447.8   482.8   540.7   673.7  1922.2 10099.6 32449.8  11142.4    11150
read      488.7   625.9    74.4   153.9   198.1   425.0   505.1   558.8   600.7   658.7   760.0   930.1  1565.9  7449.9 30972.0  98764.4    98724
read      437.4   766.3    74.4   120.0   141.9   345.0   433.7   484.5   526.5   580.9   654.8   838.1  2274.7  8807.9 31750.6  56827.5    56880
read      400.3   832.1    74.4   122.8   143.3   323.6   397.9   436.3   466.0   503.9   564.5   709.9  2055.1 10512.2 35477.5  13499.5    13467
read      469.4   646.0    74.4   148.8   187.6   404.1   482.7   538.1   584.4   639.6   726.7   878.2  1455.4  8014.6 31166.7  99290.5    99368
read      438.6   709.3    74.4   119.9   141.4   349.0   435.5   488.2   532.2   587.6   666.1   912.6  2041.3  8476.3 31087.8  46234.1    46206
read      448.3   779.0    68.9   125.6   150.1   355.8   443.1   494.8   537.2   593.7   675.2   836.7  2597.1 10046.3 31573.2  71529.6    71651
read      411.4   762.5    74.4   118.1   138.1   326.4   415.4   469.9   509.2   555.4   623.2   848.9  1606.0  9745.4 31486.7  22642.4    22741
read      428.5   635.2    74.4   120.1   141.9   342.6   428.6   479.3   521.9   576.1   648.6   831.2  2238.3  7815.4 28769.7  56649.4    56654
read      489.9   586.5    74.4   155.1   198.0   427.9   510.5   569.3   614.2   673.2   770.5   933.0  1457.5  6738.7 30432.4  99485.3    99570
read      405.1   675.1    74.4   117.6   136.8   323.2   411.3   465.6   504.0   549.0   614.0   858.0  1623.6  7810.2 31552.5  23100.2    23047
read      443.6   702.4    74.4   125.2   149.3   352.8   438.4   491.1   534.4   590.9   671.6   837.3  2571.2  8287.9 30836.2  69945.3    70008
read      419.1   609.6    74.4   119.0   139.8   345.8   429.3   481.1   524.4   578.1   652.6   881.7  1805.8  6029.6 29934.0  42811.5    42943
read      423.6   547.3    68.9   119.2   140.2   344.8   431.0   482.6   526.3   582.4   660.1   909.8  1993.6  6073.6 23235.2  46757.9    46704
read      438.0   660.6    74.4   126.4   151.2   354.1   438.7   490.1   532.2   588.4   670.7   829.1  2606.1  7698.3 30870.8  76100.8    75970
read      418.1   741.3    74.4   118.8   138.3   328.2   418.6   472.5   512.6   562.4   638.9   904.0  1722.6  8605.5 31759.7  21963.4    21917
read      445.4   677.0    74.4   130.4   157.8   364.3   448.7   499.7   542.0   599.6   683.7   844.3  2410.1  8229.0 31090.5  81888.9    82027
read      468.4   827.4    74.4   133.5   163.3   375.5   457.8   507.8   551.0   613.0   701.7   861.9  2591.4 11599.3 31875.1  81493.9    81583
read      390.2   665.2    74.4   122.3   142.8   326.0   401.5   442.6   472.5   512.7   576.1   734.3  1429.4  8332.7 31007.1  14224.3    14259
read      400.3  1073.0    80.4   135.6   161.7   301.4   352.2   382.6   405.2   436.4   488.4   590.8  2445.2 17806.3 32741.4   7833.1     7821
read      406.5   710.3    74.4   122.1   142.6   331.0   416.4   465.6   501.4   543.8   614.3   812.5  1554.3  8429.6 31457.1  17730.9    17727
read      448.3   721.5    74.4   126.6   150.0   351.7   439.5   493.1   537.2   594.6   676.9   859.5  2540.2  8694.7 31218.8  65477.7    65559
read      427.7   666.2    68.9   120.3   141.4   345.2   429.5   484.0   528.5   583.0   656.9   896.4  1853.3  7802.0 30308.6  41187.6    41133
read      429.5   776.6    74.4   120.0   140.5   336.8   423.4   480.8   524.5   575.9   649.1   914.6  1891.9 10605.8 31620.2  28758.4    28693
read      443.7   710.3    74.4   121.9   144.1   347.2   435.2   489.4   534.3   592.1   676.1   943.8  2212.3  8145.1 31504.5  53204.1    53141
read      450.6   709.8    74.4   122.7   145.0   347.0   436.1   490.7   536.5   596.4   685.0  1026.7  2314.2  8440.4 30962.2  54495.7    54512
read      400.4   722.8    74.4   121.9   142.1   328.0   406.9   451.2   483.5   525.8   594.1   768.7  1796.8  7915.1 31618.5  14909.4    14835
read      457.7   550.9    74.4   146.6   183.8   396.4   475.2   531.5   579.4   638.4   724.0   867.7  1516.6  5923.6 21792.8  98344.0    98446
read      419.7   524.6    74.4   118.9   139.6   343.7   427.0   481.6   527.9   582.8   660.8   960.4  1806.0  5653.7 23783.2  38139.0    38117
read      437.1   674.8    74.4   127.5   152.8   353.5   436.9   489.7   532.2   588.8   669.9   813.4  2407.6  9538.4 30687.4  77944.0    77994
read      436.0   658.4    68.9   121.4   142.4   347.5   434.4   495.8   542.5   598.0   684.7  1033.2  1724.2  8035.2 30952.6  30179.6    30209
read      445.5   654.2    68.9   125.6   149.4   353.4   440.8   494.6   538.5   596.1   681.3   879.3  2560.3  7309.7 30436.3  68331.2    68315
read      453.2   655.3    74.4   138.7   171.3   383.4   465.6   516.2   558.7   616.7   700.5   855.5  1849.7  8717.2 31115.2  91841.5    91940
read      435.4   588.6    74.4   121.5   143.0   347.2   437.0   491.3   535.7   593.5   679.7  1037.7  2029.9  6561.2 30410.4  49360.4    49308
read      462.2   875.6    74.4   119.8   140.7   347.7   433.5   487.7   534.6   594.5   685.7  1124.8  2322.7 10747.1 34566.4  46860.5    46880
read      456.1   682.7    74.4   140.1   174.1   386.4   465.2   513.0   552.8   611.0   699.2   851.1  1981.6  8534.5 31082.6  92643.6    92540
read      450.1   778.8    74.4   120.9   142.5   351.1   439.9   494.2   539.0   597.6   683.6   993.6  2122.9  8905.2 32224.3  49465.8    49396
read      482.6   640.7    68.9   151.7   193.0   418.9   498.9   551.2   595.8   653.5   745.2   911.9  1433.2  7709.7 30499.0  97727.1    97841
read      431.2   648.3    68.9   119.0   139.7   345.4   430.2   487.2   533.8   591.5   676.6  1042.2  1772.9  7394.4 30645.4  35376.6    35404
read      460.4   709.9    74.4   131.7   160.4   375.3   461.5   514.6   558.3   618.4   706.5   877.3  2494.9  9327.6 31147.8  80276.0    80451
read      456.7   647.1    74.4   135.8   167.0   383.2   468.9   522.9   566.2   622.4   704.1   863.7  2131.0  7929.3 30473.0  87232.5    87228
read      453.8   772.3    68.9   128.2   154.1   361.0   447.2   500.4   543.6   600.5   684.5   852.6  2682.0  9884.7 31811.1  75446.3    75554
read      458.6   747.7    68.9   124.4   147.4   356.3   448.4   502.8   547.7   608.3   694.5   954.3  2401.1 10047.9 31244.4  57966.5    57964
read      446.2   706.3    74.4   131.3   159.6   367.6   449.0   497.9   538.6   596.1   683.2   835.3  2451.8  8548.6 30804.6  83674.3    83546
read      448.7   703.8    68.9   122.1   144.3   349.9   439.3   493.6   538.9   598.9   687.4  1029.8  2237.6  7745.0 30928.4  55444.9    55468
read      435.6   617.1    74.4   119.7   140.6   346.9   432.7   492.8   539.9   599.6   691.1  1095.9  1734.9  7305.1 30024.7  34242.9    34203
read      444.4   755.0    74.4   119.7   140.4   347.2   431.1   487.1   532.9   591.3   675.6  1042.9  1956.9  9810.4 31408.6  37522.2    37629
read      428.6   621.2    74.4   119.0   139.5   344.1   427.2   484.2   530.7   586.9   668.6  1023.3  1743.5  7426.6 29457.7  34535.8    34577
read      440.3   623.0    68.9   120.0   141.0   349.3   436.2   490.7   536.3   593.9   681.7  1055.4  2050.0  7614.7 29723.4  47404.3    47426
read      446.1   629.3    68.9   122.4   145.0   350.5   440.4   493.8   538.9   600.4   689.1  1024.4  2331.6  6895.1 30229.7  58810.5    58845
read      455.0   764.5    68.9   124.4   148.3   354.9   442.4   496.1   540.4   600.2   686.5   903.8  2570.4 10223.5 31468.4  67017.7    66993
read      414.0   710.2    74.4   128.0   150.3   345.4   415.7   456.4   489.5   535.2   609.1   743.5  2155.5  8046.7 31855.2  10998.7    10977
read      449.2   632.2    74.4   123.4   145.1   350.8   441.8   497.9   544.2   606.0   696.3  1109.5  2196.4  7144.1 30576.7  51460.3    51529
read      454.0   704.7    74.4   121.7   143.2   353.1   443.5   499.9   545.8   607.3   697.5  1131.1  2166.9  8124.9 31128.2  48245.1    48344
read      381.0   785.7    86.8   144.5   180.9   309.9   356.4   385.5   408.3   439.3   487.0   573.1  2122.8  7983.4 32134.3   5913.3     5902
read      451.3   696.2    74.4   125.9   149.9   355.0   444.2   497.8   541.4   600.4   686.9   884.4  2654.0  8136.0 31112.5  71567.0    71602
read      460.1   766.7    74.4   120.7   141.9   355.1   445.3   503.4   551.6   615.9   713.0  1153.9  2115.7 10270.3 31811.0  41874.1    41886
read      434.2   574.5    74.4   119.8   140.6   343.9   432.5   487.5   533.1   592.5   679.5  1085.7  2038.3  6454.1 28833.5  47468.2    47456
read      460.1   705.4    74.4   139.6   174.2   389.7   468.9   519.7   562.8   621.9   709.5   862.7  1756.8  9519.5 31429.0  93827.3    93939
read      424.6   731.1    74.4   120.7   140.8   344.4   436.9   488.2   525.2   574.4   669.9   875.2  1526.3  9170.3 31688.7  16871.7    16890
read      451.0   641.0    74.4   121.2   142.7   357.8   449.9   507.0   555.1   619.5   716.7  1136.8  2016.2  7160.3 30316.6  45657.2    45689
read      444.2   585.0    68.9   121.2   141.8   354.8   445.0   508.1   558.7   621.9   722.2  1133.3  1818.0  6539.6 30362.7  32812.7    32790
read      440.6   580.1    68.9   120.4   141.6   354.1   443.1   500.8   547.5   608.7   696.8  1083.2  1943.1  7000.4 29102.0  44087.1    44044
read      453.8   794.4    74.4   118.7   138.7   343.6   436.7   501.7   548.7   609.3   717.0  1097.3  2018.1 10211.7 31839.6  28082.4    28149
read      433.7   513.9    74.4   119.2   139.8   351.6   438.6   497.7   546.0   608.8   696.1  1103.4  1857.8  5596.6 17084.9  39748.2    39739
read      456.7   682.6    74.4   127.2   152.2   359.7   449.1   504.0   549.5   612.6   702.3   905.4  2648.7  7859.4 31100.9  72397.3    72475
read      462.8   599.2    74.4   142.0   178.4   397.5   482.4   536.5   581.1   639.0   726.9   877.0  1652.3  7377.8 29620.1  93877.3    93882
read      380.7   711.4    80.4   140.6   171.9   324.6   373.9   403.6   428.0   459.7   506.0   590.6  1461.4  8551.6 31249.7   6703.3     6692
read      440.2   547.5    68.9   120.5   141.6   350.4   441.3   497.2   543.7   606.7   695.5  1103.1  2079.2  6255.5 20318.8  50466.4    50406
read      449.6   711.5    68.9   130.3   158.0   364.8   450.6   502.6   545.0   603.3   684.9   837.1  2541.9 10342.4 30832.3  83097.2    83055
read      441.9   631.6    74.4   120.7   142.1   345.7   436.0   492.2   538.9   599.1   686.3  1019.8  2248.3  6721.4 25735.0  55437.9    55609
read      417.5   593.8    74.4   120.8   140.6   353.0   445.6   496.0   532.2   578.5   660.1   866.6  1351.2  8199.7 29641.2  16911.8    16968
read      436.9   546.4    68.9   119.2   140.1   352.9   444.0   503.2   550.3   612.2   705.1  1089.4  1883.4  5715.4 24432.6  43073.5    43031
read      421.7   704.2    74.4   120.1   139.9   347.0   440.0   490.6   527.4   574.0   655.2   861.9  1539.5  8546.5 31740.3  17110.5    17236
read      452.9   686.9    74.4   130.4   158.5   370.1   457.4   509.9   553.5   611.9   692.8   855.2  2511.5  8864.3 30940.1  82178.7    82183
read      445.4   613.1    74.4   120.5   141.3   353.7   445.0   504.5   553.4   618.1   713.1  1143.0  1980.1  6487.8 28777.1  42198.4    42212
read      420.1   810.0    74.4   125.7   147.1   351.1   425.1   465.6   497.5   539.6   608.1   750.6  1885.7  8695.3 35892.7  12181.3    12244
read      458.7   617.4    68.9   124.3   147.5   359.2   454.7   513.1   561.7   625.3   719.7  1049.6  2474.2  6623.1 30129.4  61761.3    61777
read      437.2   541.5    68.9   119.3   139.8   352.7   440.5   502.3   551.5   614.9   705.5  1132.6  1815.9  6324.8 17803.9  37009.4    36984
read      433.8   568.2    74.4   119.2   139.4   348.7   441.9   506.6   555.6   616.6   713.3  1080.1  1620.6  6592.8 25562.1  29073.7    29093
read      436.3   567.7    68.9   119.6   140.3   354.3   442.7   501.1   548.8   609.5   692.7  1052.3  1860.9  6124.7 29368.4  41681.8    41715
read      438.2   597.9    68.9   119.7   140.3   353.9   442.7   505.0   554.7   617.8   710.4  1097.5  1723.6  6832.8 30351.7  34856.9    34838
read      447.5   637.9    68.9   122.4   144.9   349.3   440.9   496.0   541.5   602.6   688.4   946.6  2469.8  7469.0 29164.1  63541.4    63574
read      432.1   591.0    74.4   122.0   142.2   352.7   451.8   514.2   558.7   613.6   699.9  1002.7  1502.9  6822.5 28825.9  24311.6    24401
read      446.4   634.6    74.4   120.2   141.0   357.7   450.7   514.3   564.0   625.2   717.5  1076.8  1740.7  7267.7 30811.8  32009.3    32025
read      464.7   489.2    74.4   148.0   188.1   411.1   501.6   555.9   595.8   645.9   728.1   891.3  1319.6  5581.4 20860.0  99002.9    98971
read      421.1   499.8    74.4   119.1   139.2   350.1   447.9   507.8   550.2   603.9   685.1   959.9  1455.4  5530.9 18638.9  23722.8    23657
read      457.1   703.1    74.4   124.2   148.2   355.4   447.1   502.5   548.1   612.1   700.5   944.6  2616.5  8118.6 31064.7  67771.2    67877
read      439.0   551.0    68.9   120.3   141.5   347.3   440.0   495.9   542.2   605.3   692.8  1051.4  2149.2  6398.3 16142.8  53903.4    53849
read      450.7   722.0    68.9   127.9   154.1   360.8   446.8   499.0   542.4   602.3   687.6   848.0  2651.4  9300.1 30983.5  79604.6    79536
read      416.7   541.7    74.4   120.9   141.1   360.7   454.7   504.6   540.4   585.8   658.4   849.8  1286.7  7334.0 29291.8  17059.5    17081
read      445.1   607.3    74.4   120.2   140.9   358.2   447.8   507.6   557.3   620.0   711.2  1107.7  1881.0  6239.0 30383.2  38992.1    39024
read      434.2   598.9    74.4   120.2   140.6   352.9   449.7   512.3   557.6   612.9   694.9   992.9  1601.6  7702.9 28951.0  26218.2    26125
read      435.5   593.6    74.4   119.4   139.8   354.4   445.2   507.3   556.1   616.7   706.0  1058.3  1695.7  6498.9 30185.7  33266.3    33388
read      419.8   536.8    74.4   120.2   140.4   353.6   449.3   505.3   544.3   592.2   669.3   895.0  1440.3  5938.1 29685.6  20962.5    20979
read      459.2   578.0    68.9   142.2   177.9   393.6   473.6   525.3   569.9   630.3   719.4   870.6  1948.1  7029.7 29089.4  95815.8    95865
read      391.6   404.9    68.9   122.8   144.4   329.8   416.0   468.1   509.8   563.2   635.8   763.5  1929.9  3574.9 12761.0  74045.4    73949
read      385.3   330.3    68.9   120.8   141.2   330.1   417.7   468.9   508.8   560.9   631.8   761.9  1757.5  2967.1  8011.6  61173.5    60987
read      385.4   320.8    68.9   120.0   140.1   334.9   422.8   473.2   513.4   565.7   635.4   764.2  1651.2  2499.3  7998.0  54152.0    54175
read      382.8   297.8    68.9   120.1   140.2   334.9   421.3   470.9   509.7   560.8   630.9   758.8  1634.0  2372.4  7994.5  51438.2    51484
read      742.6   890.6    74.4   144.8   184.0   546.2   796.1   968.1  1100.0  1265.9  1494.6  1877.0  2802.4  8121.6 31904.3  39842.8    39771
read      462.1   495.2    68.9   127.0   150.5   374.2   484.4   557.2   615.8   691.9   835.0  1116.5  1762.7  3699.1 20276.5  32866.5    32864
read      387.1   335.6    68.9   121.1   141.6   344.2   429.3   480.8   521.6   573.7   642.6   771.6  1437.0  2468.1 10607.8  42134.8    42033
read      384.7   315.9    68.9   120.4   140.6   342.6   426.1   476.5   516.8   567.8   635.2   760.4  1466.9  2202.2  8107.9  43830.7    43808
read      378.9   314.2    68.9   119.6   139.4   337.5   420.3   468.4   507.3   556.8   625.0   742.3  1477.2  2328.8  8427.2  45788.5    45785
read      382.2   297.9    68.9   121.4   141.5   342.9   424.8   476.3   517.5   567.9   633.9   755.7  1353.2  2635.1  7914.6  35682.8    35582
read      379.5   292.1    68.9   119.9   140.0   341.0   422.5   472.0   511.3   562.4   629.7   750.1  1368.0  1937.6 10314.2  38552.1    38504
read      363.8   342.3    74.4   127.6   148.9   350.8   418.9   454.7   480.5   511.5   552.8   629.4   853.6  4045.3  9745.7  15348.0    15320
read      385.7   356.4    68.9   122.0   143.2   330.9   415.8   466.4   506.2   558.5   632.6   752.2  1780.8  3234.5  8573.7  74328.6    74264
read      388.5   302.2    68.9   120.6   141.5   347.9   431.2   481.0   520.5   572.4   643.1   766.8  1503.8  2244.7 10587.8  43959.2    43890
read      329.5   468.4    80.4   154.9   192.3   305.0   340.9   362.3   377.5   396.5   422.2   466.4   631.0  5941.8 28661.2   5955.2     5962
read      401.5   314.4    74.4   125.6   148.6   362.2   446.8   496.6   535.6   584.6   651.7   776.0  1482.2  2340.2 10510.0  38433.6    38365
read      382.0   325.8    68.9   119.8   140.0   334.3   420.4   469.3   507.5   555.8   623.5   743.6  1671.9  2433.4  9150.7  55924.8    55971
read      377.1   339.7    68.9   122.6   142.9   345.1   430.5   478.9   512.5   552.2   608.7   719.4  1089.8  2617.0 12485.3  23200.5    23217
read      388.4   349.4    68.9   128.9   153.1   338.8   422.2   472.0   512.4   563.5   634.5   750.9  1258.4  3579.0  8867.4  87671.0    87681
read      379.5   343.1    68.9   127.9   151.7   335.7   416.9   465.7   503.9   552.5   622.2   733.9  1065.4  3340.1 10475.0  91670.3    91728
read      390.8   349.6    68.9   131.9   158.8   346.7   428.9   478.8   517.9   567.6   635.1   748.2  1067.0  3512.1  8488.8  96724.0    96668
read      385.3   392.1    68.9   124.0   146.3   332.7   416.0   466.5   505.9   557.0   628.5   745.9  1560.1  3669.4 14529.1  80440.7    80475
read      367.1   328.4    68.9   119.8   139.2   336.5   415.8   463.4   498.9   540.2   592.7   691.3  1105.7  2588.9 12023.1  27197.7    27150
read      386.7   339.2    68.9   120.9   141.6   340.2   426.8   476.1   514.9   564.8   633.7   754.9  1654.2  2463.1 11989.7  53488.4    53444
read      370.8   351.2    68.9   122.0   141.9   341.0   422.0   468.9   502.7   542.5   593.0   686.4  1049.8  4025.4 11341.4  23789.2    23737
read      384.6   345.0    68.9   126.8   150.8   336.8   419.1   468.7   508.9   560.3   630.8   744.1  1158.3  3583.2 10306.8  87818.7    87776
read      383.9   359.0    74.4   125.5   148.2   333.9   416.8   467.1   507.0   558.3   629.7   743.6  1355.5  3454.9 12210.1  82277.5    82175
read      386.4   334.2    68.9   130.9   157.5   342.7   425.5   474.7   513.6   562.2   628.7   741.4  1073.6  3435.7  8736.3  98575.4    98548
read      374.6   311.5    74.4   118.6   138.1   340.5   418.8   466.0   503.5   550.4   612.6   724.0  1322.6  2731.7  9130.9  37640.6    37704
read      382.3   325.0    68.9   121.0   141.5   333.0   418.6   468.2   507.3   556.1   624.9   739.4  1739.8  2930.0  9414.5  64686.3    64701
read      388.7   352.7    68.9   122.0   143.3   334.9   422.3   474.0   514.4   565.7   635.4   753.1  1807.0  3197.7 10186.7  68959.5    69089
read      379.8   357.3    68.9   126.6   149.8   333.7   414.9   463.7   502.4   550.7   620.7   731.5  1089.4  3595.6 12529.1  89679.7    89785
read      348.2   304.6    68.9   123.9   144.0   331.9   399.8   435.7   461.6   492.4   533.3   608.7   867.8  3869.1 11682.3  16625.0    16676

Total QPS = 50220.9 (90397536 / 1800.0s)

Total connections = 64
Misses = 0 (0.0%)
Skipped TXs = 0 (0.0%)

RX 22328191886 bytes :   11.8 MB/s
TX          0 bytes :    0.0 MB/s
Warning! Detected max cpu usage > 95%
CPU Usage Stats (avg/min/max): 99.95%,40.70%,100.00%
