Random waveform, supplied seed
Total number of intervals = 180 (5031, 54838, 74868, 30015, 40743, 23648, 97712, 53672, 55395, 29425, 15173, 82475, 90555, 47944, 28313, 28504, 22886, 35717, 14828, 81704, 55771, 85226, 75020, 12441, 56208, 17446, 86943, 49138, 49839, 47752, 27181, 6170, 7187, 99387, 91970, 79658, 59230, 78081, 64242, 37702, 40686, 30376, 38416, 65892, 39560, 10016, 55224, 19982, 48114, 36283, 23315, 11150, 98724, 56880, 13467, 99368, 46206, 71651, 22741, 56654, 99570, 23047, 70008, 42943, 46704, 75970, 21917, 82027, 81583, 14259, 7821, 17727, 65559, 41133, 28693, 53141, 54512, 14835, 98446, 38117, 77994, 30209, 68315, 91940, 49308, 46880, 92540, 49396, 97841, 35404, 80451, 87228, 75554, 57964, 83546, 55468, 34203, 37629, 34577, 47426, 58845, 66993, 10977, 51529, 48344, 5902, 71602, 41886, 47456, 93939, 16890, 45689, 32790, 44044, 28149, 39739, 72475, 93882, 6692, 50406, 83055, 55609, 16968, 43031, 17236, 82183, 42212, 12244, 61777, 36984, 29093, 41715, 34838, 63574, 24401, 32025, 98971, 23657, 67877, 53849, 79536, 17081, 39024, 26125, 33388, 20979, 95865, 73949, 60987, 54175, 51484, 39771, 32864, 42033, 43808, 45785, 35582, 38504, 15320, 74264, 43890, 5962, 38365, 55971, 23217, 87681, 91728, 96668, 80475, 27150, 53444, 23737, 87776, 82175, 98548, 37704, 64701, 69089, 89785, 16676)
Average QPS expected = 50230
Timestamp start: 1622195190345
Timestamp end: 1622196990780

#type       avg     std     min      p5     p10     p50     p67     p75     p80     p85     p90     p95     p99    p999   p9999      QPS   target
read      553.5  1830.7    86.8   159.1   202.9   323.0   382.2   417.3   442.7   475.9   534.8   916.6  5552.9 31369.2 38521.7   5035.5     5031
read      503.3   906.1    74.4   126.2   149.8   359.7   458.6   521.0   575.8   653.3   784.0  1390.1  2966.0 10605.5 32488.2  54646.6    54838
read      451.4   735.1    74.4   127.0   152.2   355.8   443.3   497.0   541.7   601.3   689.3   868.5  2549.4  8710.7 31569.9  74743.2    74868
read      508.5   646.9    74.4   120.8   141.7   341.8   471.0   593.0   744.0   988.0  1163.4  1352.4  1814.3  6899.5 30544.8  30004.7    30015
read      470.4   758.7    74.4   121.3   142.4   346.3   441.8   503.3   555.9   627.9   742.3  1361.3  2353.3  8252.8 31466.7  40653.0    40743
read      546.4   922.0    74.4   123.6   145.2   356.0   527.0   693.0   835.8   954.7  1070.2  1238.4  2743.5 10610.4 32299.7  23634.1    23648
read      554.5   778.1    74.4   173.8   232.7   458.3   534.5   588.3   640.4   732.5   865.4  1062.2  2208.5  9816.9 31699.0  97723.7    97712
read      435.9   703.7    74.4   121.9   143.7   343.9   436.4   491.8   536.8   595.0   679.6   885.0  2187.7  7785.9 31251.3  53587.3    53672
read      452.7   792.3    68.9   123.4   145.6   346.2   440.0   496.0   541.3   602.0   690.1   926.5  2437.4  9537.8 31874.6  55359.2    55395
read      550.0   931.0    74.4   121.8   143.5   347.5   488.5   625.7   811.9  1022.7  1182.8  1379.6  2667.9 10912.5 32144.2  29407.5    29425
read      551.6  1285.4    74.4   123.6   147.1   374.0   534.1   639.9   704.1   769.8   849.1   985.4  3645.0 20296.1 35912.1  15126.3    15173
read      560.2   867.1    68.9   142.7   182.5   409.1   501.9   578.7   646.1   741.2   915.6  1595.7  2740.1 10045.2 32075.9  82356.0    82475
read      461.4   733.1    74.4   139.2   172.8   382.5   464.9   514.0   557.0   619.7   710.8   867.4  2072.6  9145.3 31481.5  90532.9    90555
read      442.6   696.3    68.9   121.3   143.1   346.4   440.2   496.1   542.7   604.9   692.9   943.1  2115.8  7770.9 31422.3  47869.7    47944
read      580.8  1113.4    74.4   120.4   142.0   345.0   491.1   636.1   835.4  1015.4  1165.0  1374.8  3968.3 12552.6 32320.9  28295.4    28313
read      592.3  1144.6    74.4   122.0   143.7   348.4   506.1   687.1   904.0  1055.9  1199.1  1395.9  3768.8 16152.0 32279.7  28486.4    28504
read      566.3  1071.3    74.4   121.6   144.0   353.5   535.8   720.2   836.1   936.1  1043.1  1198.5  3613.8 15981.3 35152.1  22815.1    22886
read      472.6   825.6    68.9   119.1   139.9   338.4   434.1   504.0   565.9   651.1   856.1  1311.6  2054.0  8634.8 31938.8  35682.1    35717
read      552.5  1396.9    74.4   123.2   146.7   366.9   509.6   612.6   679.2   745.4   823.7   958.6  3829.6 27959.1 37518.8  14822.9    14828
read      518.8   838.7    74.4   137.3   171.2   396.3   483.1   540.7   591.7   672.9   805.9  1324.1  2743.6  9976.8 31791.4  81664.6    81704
read      447.8   739.2    68.9   121.9   144.4   347.2   443.3   498.9   543.5   601.7   687.5   902.7  2390.7  8078.8 31514.2  55730.9    55771
read      471.2   760.5    68.9   138.2   170.3   386.3   473.4   528.0   572.6   631.7   719.8   880.0  2398.6 10242.3 31519.5  85383.0    85226
read      466.7   781.8    74.4   129.8   157.6   370.0   462.3   516.9   561.9   622.9   711.8   895.2  2692.8  8898.2 31840.8  75057.0    75020
read      618.4  1803.5    74.4   124.0   149.1   362.2   489.9   577.4   637.7   704.9   789.6   966.9  6834.6 30952.3 38721.6  12412.4    12441
read      493.2   787.7    68.9   120.5   144.6   354.6   454.1   519.1   574.0   647.9   779.4  1512.6  2628.2  9612.6 31248.6  56184.3    56208
read      582.8  1424.1    68.9   122.3   145.0   364.2   526.0   647.7   734.3   821.4   924.3  1114.1  3972.3 28921.9 37375.5  17386.0    17446
read      554.8   756.1    74.4   151.3   197.2   423.1   508.9   581.8   652.9   751.6   903.3  1555.0  2425.8  8756.0 31523.6  86931.9    86943
read      459.7   806.8    74.4   122.0   144.4   352.8   449.2   507.4   553.9   617.2   707.9   963.5  2331.0  9445.8 31944.6  49222.2    49138
read      450.4   728.6    68.9   121.4   143.6   351.1   447.5   504.2   549.7   612.3   701.0   933.9  2265.6  7644.0 32014.8  49842.0    49839
read      440.0   689.0    68.9   120.8   142.7   347.4   441.1   497.8   543.5   603.6   691.1   917.6  2098.2  7464.1 31370.8  47950.6    47752
read      576.1  1210.8    74.4   120.7   142.0   346.5   488.5   622.2   801.2   990.4  1150.3  1365.3  3159.5 17974.9 32521.0  27169.2    27181
read      786.0  2765.3    80.4   141.3   179.7   325.6   406.2   452.3   487.5   534.5   616.9  2048.6 13748.7 32472.2 40856.6   6188.7     6170
read     3533.7 41580.1    74.4   138.7   178.5   356.8   459.7   514.5   552.2   605.2   711.8  1792.6 29076.1 711087.4 757898.0   7177.1     7187
read      955.6  1105.3    86.8   349.2   375.8   571.5   915.1  1454.6  1598.7  1722.3  1887.9  2149.0  3184.7 13393.2 32007.7  99240.2    99387
read      660.1   684.5   101.3   373.9   401.2   563.4   669.6   743.3   804.4   879.5   990.0  1161.7  1565.2  6966.6 31594.5  91920.9    91970
read      531.2   712.7    74.4   195.4   259.9   447.2   517.0   581.0   658.4   751.7   835.8   943.1  1400.7 10418.9 31565.2  79780.2    79658
read      442.4   705.1    74.4   127.2   154.2   363.5   447.3   504.9   551.3   613.2   692.9   829.9  2063.7  8668.9 31423.0  59138.7    59230
read      465.1   808.4    68.9   130.9   159.4   370.5   458.6   513.6   560.3   622.4   711.8   872.3  2606.0 10624.7 31742.3  78025.2    78081
read      457.1   772.1    68.9   125.0   149.0   356.0   450.6   507.1   553.0   614.7   702.5   917.1  2420.6 10305.5 31246.6  64136.8    64242
read      444.0   670.7    68.9   122.6   143.8   352.7   445.7   505.0   553.7   617.1   709.1   993.3  1950.8  8024.9 31167.5  37720.2    37702
read      440.5   625.5    68.9   121.3   143.6   352.9   447.4   505.3   553.0   615.9   705.7   988.0  2015.3  5771.3 30957.1  40718.5    40686
read      509.2   600.6    74.4   120.1   141.7   344.4   475.8   602.3   767.8   995.4  1175.6  1376.3  1783.0  5701.7 20086.6  30347.5    30376
read      449.8   750.6    74.4   120.0   141.4   346.1   438.4   499.8   549.5   614.2   712.6  1131.8  1999.8  9205.9 31154.4  38408.6    38416
read      450.1   718.8    74.4   124.5   149.0   355.3   447.4   504.0   548.7   611.2   699.8   898.0  2414.9  7503.6 31269.2  65902.8    65892
read      432.5   687.9    68.9   119.1   140.4   344.7   433.0   490.1   535.9   593.7   677.3   899.9  1927.3  7690.1 31453.7  39662.8    39560
read      450.5   907.6    80.4   130.0   157.1   351.9   462.3   530.1   575.0   625.3   690.3   798.4  1877.4 10237.0 35374.7  10027.3    10016
read      459.6   763.8    68.9   121.1   143.6   345.9   441.5   498.8   545.6   610.4   709.7  1078.2  2372.1  8768.5 31563.5  55087.9    55224
read      509.7   873.8    74.4   121.4   143.7   348.7   506.5   648.4   758.5   855.8   955.0  1096.2  2190.8 10931.4 31800.9  20009.1    19982
read      449.0   629.8    68.9   121.0   142.7   342.8   439.7   500.5   550.2   617.6   720.5  1230.8  2149.0  6339.0 30390.9  48075.9    48114
read      435.2   684.3    74.4   120.8   141.9   349.9   440.6   499.0   545.9   606.2   688.6   910.8  1825.1  7444.1 31571.4  36312.6    36283
read      398.0   500.9    74.4   119.3   138.9   332.0   421.2   476.8   517.3   565.1   631.2   829.6  1437.6  5883.5 19300.7  23361.5    23315
read      400.6   868.4    74.4   127.7   148.5   321.9   389.6   426.1   454.1   490.4   544.6   670.9  2211.2 10016.2 35339.4  11165.3    11150
read      525.7   635.6    74.4   169.9   224.0   459.3   543.4   598.8   643.2   710.9   823.4   994.9  1494.3  7722.4 30945.4  98601.9    98724
read      450.6   738.0    68.9   122.7   145.7   352.8   448.8   506.3   553.2   613.8   697.8   901.9  2302.5  8901.1 31534.8  56838.6    56880
read      383.9   622.1    74.4   124.2   144.7   327.8   402.5   443.0   472.2   509.0   568.4   710.5  1348.2  7316.1 30959.1  13394.3    13467
read      515.6   667.9    74.4   167.9   220.3   449.4   530.8   581.6   625.7   690.8   803.1   974.8  1485.1  8399.3 31081.6  99466.4    99368
read      440.1   644.1    68.9   121.0   142.8   349.6   442.9   499.2   544.9   606.8   691.1   914.9  2102.6  7220.6 30576.2  46151.9    46206
read      457.7   810.1    68.9   127.0   152.4   357.1   445.4   501.1   546.3   607.4   693.1   869.1  2648.3  9673.3 31891.0  71593.1    71651
read      419.3   818.1    74.4   119.3   139.1   335.0   425.2   481.6   522.0   569.4   634.9   820.4  1569.4 10204.7 32245.4  22827.2    22741
read      444.0   769.6    74.4   122.5   144.9   348.0   441.0   496.4   540.7   599.1   682.4   860.4  2328.1  9276.6 31554.1  56671.9    56654
read      469.4   551.3    74.4   153.1   194.9   413.3   494.7   544.1   587.1   647.8   742.8   901.0  1347.4  5774.6 30361.8  99498.9    99570
read      424.8   735.0    68.9   120.2   140.4   337.1   430.0   487.8   529.3   578.7   648.8   871.6  1912.1  9605.1 31351.8  23059.1    23047
read      454.3   756.9    68.9   126.5   151.1   357.9   448.7   504.0   548.3   608.9   693.4   868.9  2672.5  8226.6 31611.1  69862.4    70008
read      444.3   764.3    68.9   121.1   142.7   350.9   440.6   496.2   541.3   600.1   683.7   889.3  2008.4  9426.9 31487.9  42961.0    42943
read      452.5   741.9    74.4   122.2   144.4   356.9   451.4   508.6   555.8   617.8   704.9   942.3  2157.6  7918.3 31791.7  46804.7    46704
read      479.9   871.9    74.4   132.0   161.1   375.1   465.1   523.1   571.6   634.8   724.8   893.1  2752.5 11346.9 32190.3  76069.9    75970
read      433.1   787.9    74.4   121.3   141.7   341.6   433.6   490.5   531.0   579.0   647.7   862.5  2163.0  9302.3 31885.6  21868.1    21917
read      464.8   703.3    68.9   135.3   166.5   384.4   473.7   531.1   576.8   635.0   722.5   879.0  2235.8  8704.8 31039.0  82100.3    82027
read      465.7   797.4    68.9   133.6   164.1   379.3   468.6   523.0   565.5   623.1   708.5   867.9  2383.4 10948.4 31565.5  81509.3    81583
read      410.9   746.5    74.4   124.9   145.6   338.4   415.8   459.4   492.1   533.0   593.2   754.8  2041.1  8233.4 31676.8  14310.4    14259
read      411.8  1078.2    80.4   139.2   167.2   313.5   366.5   396.4   420.3   452.0   501.6   609.3  2710.9 15146.8 39601.7   7805.0     7821
read      422.5   788.4    68.9   124.1   144.9   340.2   428.9   478.8   514.7   558.3   625.3   814.2  2035.7  9808.5 32362.5  17677.9    17727
read      451.2   722.9    68.9   125.0   148.7   352.7   444.6   499.8   544.7   605.4   691.8   887.2  2584.6  8675.2 31232.7  65555.9    65559
read      455.7   818.5    74.4   123.5   145.8   359.2   452.1   510.0   557.3   618.6   704.8   914.4  2074.5 10550.4 31918.5  41113.6    41133
read      425.3   695.1    74.4   120.7   141.3   344.5   431.5   488.5   532.1   583.1   652.3   827.2  1800.7  7499.0 31303.1  28753.5    28693
read      450.9   753.4    74.4   122.8   145.4   353.5   447.7   504.3   549.6   610.9   697.4   912.7  2277.7 10199.0 31458.0  53191.6    53141
read      456.0   774.5    68.9   123.4   146.3   357.4   452.4   508.6   556.1   618.8   708.0   919.5  2232.6  9137.7 31678.7  54426.2    54512
read      405.9   752.2    74.4   123.9   144.0   334.4   412.7   456.6   488.7   528.8   586.8   735.6  1879.5  9383.5 32073.0  14806.7    14835
read      501.5   666.5    74.4   159.0   207.2   436.9   519.3   574.4   620.8   683.7   781.7   938.4  1436.6  8352.1 30802.3  98615.0    98446
read      441.7   719.7    68.9   121.2   143.4   354.3   443.1   499.9   545.1   603.6   684.1   870.9  1982.4  8204.0 31046.2  38221.6    38117
read      466.2   750.6    74.4   132.0   160.7   375.6   465.7   521.3   567.3   628.5   717.9   892.1  2498.5 10055.3 31457.8  78017.0    77994
read      458.2   759.9    74.4   125.3   147.4   362.8   458.5   523.2   573.0   633.9   725.7   999.4  1852.0  9068.9 31609.9  30253.1    30209
read      462.6   834.5    74.4   126.6   151.7   358.1   450.0   507.5   553.4   616.2   704.0   878.3  2627.1 10421.5 32188.7  68345.5    68315
read      486.1   671.4    74.4   148.2   187.8   411.7   501.0   556.6   602.6   663.6   752.4   915.2  1788.3  8709.8 30831.9  91897.9    91940
read      449.3   695.6    68.9   122.0   144.5   352.6   447.3   505.3   552.5   617.0   711.2   988.7  2142.6  7997.2 31328.1  49270.9    49308
read      438.2   638.7    68.9   122.3   144.8   352.8   445.6   501.8   546.7   607.0   690.5   896.1  2024.1  7758.8 30694.4  46937.7    46880
read      467.0   610.9    74.4   143.4   180.4   398.7   484.4   538.3   583.7   643.1   732.3   885.5  1717.8  7326.7 30450.6  92604.7    92540
read      442.4   652.7    74.4   122.2   144.5   352.5   446.3   502.7   548.6   611.3   699.7   930.6  2022.1  7470.3 29974.2  49514.8    49396
read      516.5   655.9    74.4   167.1   219.4   453.2   533.5   583.6   626.9   691.0   806.7   979.8  1467.6  8291.9 30956.7  97906.9    97841
read      432.6   703.5    68.9   120.4   141.8   348.6   437.5   495.2   540.7   598.4   678.6   877.9  1777.2  8602.9 31489.4  35469.6    35404
read      459.1   747.5    68.9   131.1   160.0   371.2   457.4   508.6   551.7   613.3   702.9   869.5  2521.2 10215.6 31207.5  80375.5    80451
read      478.0   701.1    74.4   141.0   176.7   401.7   494.2   547.8   592.0   650.8   738.2   912.9  1912.5  8333.1 30386.9  87197.5    87228
read      462.0   775.7    68.9   129.7   157.3   368.4   460.3   515.8   560.1   620.5   707.5   876.1  2582.3  9997.2 31604.2  75515.4    75554
read      464.5   753.8    74.4   124.9   149.1   362.9   459.5   517.9   565.5   627.7   720.3   942.3  2403.0  8779.2 31656.3  58024.2    57964
read      461.7   690.2    68.9   136.5   168.5   385.5   473.9   528.5   572.9   631.3   720.6   877.5  1960.3  8487.1 31212.2  83467.1    83546
read      449.6   682.7    74.4   122.4   145.3   354.6   449.2   505.2   550.4   611.1   696.3   922.4  2321.0  7978.0 30873.0  55605.0    55468
read      443.9   674.0    74.4   122.3   143.9   354.5   447.2   507.7   555.5   616.9   706.4  1006.3  1835.6  8128.7 30780.5  34160.5    34203
read      443.3   671.4    68.9   121.6   143.4   355.9   448.5   508.4   556.9   617.9   703.8   975.0  1874.0  7668.4 31074.0  37700.4    37629
read      440.6   683.6    74.4   120.7   142.1   353.1   445.0   504.6   552.5   613.8   698.9   955.8  1849.7  7734.2 31207.4  34503.2    34577
read      454.8   743.6    68.9   122.1   144.9   356.9   452.2   508.6   556.0   617.3   705.9   935.7  2233.7  9178.9 31509.7  47476.5    47426
read      468.4   777.4    68.9   124.4   148.7   361.2   457.7   515.7   563.0   625.6   722.7  1002.8  2478.9  8770.3 31497.7  58842.9    58845
read      455.3   771.1    74.4   126.1   150.4   352.4   444.1   501.4   546.7   607.7   697.2   908.3  2519.8  9018.9 32175.5  67013.6    66993
read      395.8   928.2    74.4   128.3   149.9   321.0   387.0   422.2   448.8   481.7   533.8   648.6  1907.7 11069.5 37512.8  11013.5    10977
read      450.7   670.5    68.9   121.7   144.1   350.0   444.6   502.5   550.0   615.5   713.8  1057.1  2171.2  8078.2 30637.9  51496.4    51529
read      443.5   657.1    74.4   120.8   142.5   347.0   441.4   498.7   545.5   607.7   698.3   982.2  2129.8  7363.8 31088.0  48191.5    48344
read      366.7   951.8    80.4   142.4   174.9   288.6   330.3   356.2   374.6   399.0   433.7   507.0  2174.8 10449.0 36092.7   5904.4     5902
read      451.4   707.6    68.9   125.8   150.8   354.0   442.3   498.7   544.0   605.9   694.2   878.6  2622.4  8500.5 30887.3  71637.7    71602
read      431.8   672.5    68.9   119.2   140.1   344.7   435.5   492.0   537.3   594.1   678.3   910.8  1916.9  6926.2 31618.7  41913.1    41886
read      439.5   634.4    68.9   120.2   141.8   345.7   438.0   494.5   540.5   601.5   691.1   968.5  2118.1  7607.7 30273.2  47373.9    47456
read      484.4   627.3    68.9   146.5   186.4   412.9   504.6   564.8   612.1   670.3   755.6   925.3  1682.4  7694.5 29739.5  93881.4    93939
read      402.3   768.7    74.4   120.8   140.5   328.8   416.3   464.5   498.5   539.1   602.5   784.2  1384.9  8899.1 32274.8  16898.8    16890
read      444.1   670.4    74.4   121.1   142.8   349.9   442.6   499.0   546.5   609.6   697.5   980.7  2090.7  7500.3 31134.3  45614.8    45689
read      426.8   732.5    74.4   119.0   139.7   345.1   429.1   486.0   532.3   588.7   665.6   890.7  1616.1  9468.9 31599.9  32787.1    32790
read      430.9   587.2    68.9   119.3   140.6   345.9   436.5   492.4   538.4   599.2   684.6   971.1  1987.7  5798.2 30572.7  44071.0    44044
read      414.9   662.7    74.4   118.7   138.6   335.3   422.1   479.6   525.3   578.0   649.7   889.9  1586.6  7863.8 31282.2  28168.3    28149
read      444.5   687.2    74.4   120.7   142.4   352.1   442.8   500.0   546.7   609.8   697.9  1010.1  1966.3  7560.2 31218.5  39724.9    39739
read      446.3   689.6    68.9   126.1   151.1   354.4   442.3   498.4   544.2   604.8   692.2   868.5  2511.0  8054.6 30873.6  72552.0    72475
read      450.5   644.7    74.4   140.0   174.1   381.7   463.3   512.7   554.4   612.8   698.9   850.5  1736.9  8689.5 30762.0  93923.2    93882
read      388.7  1063.3    80.4   140.7   170.1   299.0   345.7   373.2   394.1   421.2   462.4   540.3  2256.1 17947.2 36336.4   6693.2     6692
read      439.3   687.1    74.4   120.6   142.2   348.0   441.2   496.8   541.4   599.4   683.8   904.0  2125.2  8102.5 31114.3  50260.3    50406
read      446.6   700.1    68.9   131.1   159.9   364.7   448.5   500.7   543.7   602.2   689.2   841.9  2365.0  8581.1 31421.3  82972.9    83055
read      436.5   637.1    68.9   121.2   143.6   344.3   436.3   491.9   537.7   597.9   682.6   911.0  2192.5  6970.0 30810.3  55551.0    55609
read      396.8   659.3    74.4   120.8   140.7   326.4   412.7   461.3   496.4   538.7   604.3   783.1  1531.1  7990.3 31322.3  16964.2    16968
read      441.0   749.9    74.4   120.5   141.7   346.6   435.4   490.5   537.1   596.8   680.8   919.6  2019.7  8282.0 31809.1  42966.6    43031
read      441.0  1079.3    74.4   120.7   141.2   326.8   414.1   463.8   499.7   543.3   613.8   824.2  2653.4 17184.5 35407.5  17197.6    17236
read      445.0   698.8    68.9   131.6   160.3   366.4   453.9   507.9   551.8   610.5   693.0   841.8  2057.8  8689.4 31253.2  82251.6    82183
read      423.3   570.2    74.4   119.4   140.4   343.2   433.1   488.9   535.0   593.8   678.1   927.4  1800.5  6483.4 28029.4  42089.1    42212
read      374.0   575.0    74.4   125.3   147.0   321.7   392.1   429.1   457.3   492.4   542.4   659.8  1515.9  6583.3 30840.0  12185.6    12244
read      434.9   662.9    68.9   122.1   145.2   344.6   435.0   490.2   534.5   592.2   675.1   847.0  2353.0  8242.4 30819.1  61836.2    61777
read      423.9   554.1    68.9   119.9   140.9   347.6   436.2   494.8   542.3   603.5   687.7   947.2  1724.1  5848.5 30398.7  36879.1    36984
read      424.6   656.2    74.4   119.1   139.9   344.0   432.7   493.3   539.2   594.1   674.6   937.8  1608.1  7830.4 31050.8  29016.4    29093
read      431.7   580.2    68.9   120.1   141.3   347.2   438.1   495.1   542.5   604.2   691.6   984.0  1891.8  5978.2 29698.4  41681.0    41715
read      424.9   607.0    68.9   120.8   141.5   343.7   430.3   488.6   536.6   595.8   681.2   975.7  1695.4  6940.3 30351.2  34765.2    34838
read      441.8   597.9    74.4   124.5   147.9   348.5   441.4   496.9   541.9   604.3   692.3   914.4  2371.5  5958.0 28978.3  63547.8    63574
read      402.6   535.0    74.4   118.4   138.2   330.5   419.9   477.2   519.8   569.6   637.7   864.0  1470.8  6870.3 17475.9  24442.0    24401
read      431.5   690.7    68.9   120.5   141.3   344.6   433.7   493.9   542.5   601.9   685.2   987.0  1716.0  7998.3 31392.0  32028.9    32025
read      473.8   542.4    74.4   150.4   191.2   415.0   500.5   555.9   602.9   663.3   747.7   906.4  1421.8  6258.3 28132.2  98777.7    98971
read      453.6   730.7    74.4   123.0   145.4   354.5   457.9   522.0   570.3   632.5   749.1  1031.3  2175.1  6554.6 31649.5  23611.6    23657
read      741.0  1025.2    74.4   148.5   199.2   481.4   627.9   917.7  1137.0  1344.1  1564.1  1977.0  3088.7 11334.2 32301.5  67749.2    67877
read      429.2   582.9    68.9   120.5   142.2   342.9   435.6   491.7   537.2   595.3   681.0   908.1  2084.2  5721.8 29252.2  53735.5    53849
read      439.5   634.0    68.9   128.7   155.6   357.3   442.7   498.0   543.0   602.3   686.5   843.7  2252.3  7513.3 30210.1  79475.3    79536
read      401.7   586.9    74.4   122.1   142.4   339.2   427.5   476.0   511.2   554.8   624.2   805.0  1360.3  7118.7 31001.3  17067.4    17081
read      421.7   504.8    74.4   120.1   141.2   347.2   436.3   494.8   541.0   600.7   684.1   950.1  1820.0  4565.1 13249.0  39032.5    39024
read      416.1   577.5    68.9   119.6   139.8   340.5   430.9   491.7   536.1   587.3   662.9   911.5  1565.5  6743.0 28600.6  26073.4    26125
read      413.9   542.1    68.9   118.6   139.0   341.0   426.4   484.2   531.6   588.6   668.0   933.4  1616.7  5533.6 22691.6  33429.6    33388
read      403.7   605.2    74.4   119.9   139.9   333.4   423.2   476.3   513.8   558.9   625.6   828.6  1463.3  7194.6 28998.7  21004.9    20979
read      470.1   587.2    74.4   146.0   185.0   404.9   491.2   544.5   589.3   649.3   739.0   906.9  1607.8  6750.6 30412.5  95899.8    95865
read      445.9   661.7    74.4   126.8   152.0   354.1   442.2   498.2   543.7   604.4   692.8   872.7  2522.0  7676.0 30775.8  73944.3    73949
read      440.6   608.1    68.9   125.6   148.9   350.4   445.7   503.0   548.4   608.9   693.4   890.0  2302.5  7239.0 27823.7  61088.0    60987
read      374.6   296.1    68.9   121.3   142.0   325.7   412.3   462.6   501.8   550.2   615.8   729.7  1631.0  2376.1  7461.3  54268.5    54175
read      375.3   290.2    68.9   120.9   141.8   328.2   414.5   464.8   503.8   551.6   615.6   729.5  1581.6  2320.9  8180.5  51491.5    51484
read      378.6   284.6    68.9   122.1   143.3   333.4   418.2   468.0   507.8   557.1   624.7   758.7  1454.8  2063.3  7772.7  39685.5    39771
read      360.5   263.7    63.8   120.4   140.7   325.5   404.6   453.6   491.2   536.6   592.2   691.5  1205.5  1812.7  6614.2  32815.4    32864
read      372.5   339.4    68.9   121.5   142.4   329.6   412.6   461.3   500.2   547.4   610.8   721.6  1408.4  2317.5 11061.2  42117.7    42033
read      377.1   289.6    68.9   121.8   142.9   334.3   419.7   469.4   508.8   557.5   622.4   737.8  1460.4  2056.3  7955.3  43744.4    43808
read      372.1   313.7    68.9   121.1   142.1   329.8   414.2   463.1   501.1   548.0   610.3   717.2  1437.3  2342.8  9038.6  45821.5    45785
read      374.3   276.8    68.9   122.5   143.7   335.5   418.5   468.4   508.0   556.9   620.1   734.5  1313.4  1952.4  7814.2  35617.2    35582
read      386.5   310.7    68.9   125.8   147.5   342.6   429.4   482.1   523.5   574.4   640.4   766.2  1405.9  2203.8 11800.6  38431.6    38504
read      348.3   361.4    74.4   130.1   151.4   332.8   400.8   436.6   462.8   493.1   531.6   593.5   811.0  3133.0 11368.6  15333.1    15320
read      392.9   361.8    68.9   126.5   149.7   334.5   422.6   477.3   519.9   573.3   646.7   776.6  1719.3  3445.3  8673.1  74140.3    74264
read      385.0   330.9    68.9   122.2   143.5   337.0   424.5   475.6   516.8   567.1   633.3   758.0  1532.4  2446.9 10314.2  43954.9    43890
read      312.1   305.6    80.4   153.5   187.5   293.1   329.9   350.3   365.8   384.3   408.0   451.6   582.6  5111.3 11116.4   5951.3     5962
read      401.3   351.3    68.9   126.1   149.0   355.6   445.4   498.5   539.2   588.5   655.4   789.1  1490.2  2511.7 10581.4  38396.7    38365
read      378.9   304.6    68.9   123.2   144.5   328.9   419.4   470.3   509.3   557.7   622.8   734.3  1635.7  2608.8  8268.0  56021.6    55971
read      358.2   261.0    68.9   126.6   147.6   327.6   410.6   457.7   491.1   529.6   579.0   670.8  1011.8  2201.5  8762.7  23296.1    23217
read      390.1   365.1    68.9   129.9   155.1   338.2   422.7   474.7   516.3   567.9   636.8   756.8  1224.3  3773.5 12977.9  87639.6    87681
read      384.9   325.0    68.9   131.7   157.6   339.0   421.2   471.3   511.6   563.4   633.1   746.2  1074.9  3448.6  9851.2  91703.5    91728
read      393.9   296.3    63.8   136.7   165.1   349.4   432.1   484.2   525.6   577.3   646.6   766.9  1094.6  3214.1  8815.6  96639.7    96668
read      392.5   335.3    68.9   129.1   153.5   338.5   426.5   481.3   523.5   576.5   649.5   774.5  1389.6  3473.2  9562.8  80539.5    80475
read      353.6   283.9    68.9   120.9   141.5   320.7   400.6   449.1   484.4   525.3   576.8   668.1  1062.4  2040.0 10958.2  27262.6    27150
read      380.5   294.7    68.9   122.0   143.5   331.3   421.4   471.4   511.3   560.6   626.2   745.6  1596.4  2577.5  6959.2  53473.6    53444
read      382.1   277.6    74.4   128.6   150.8   347.4   437.3   488.8   525.3   568.9   626.8   741.5  1137.3  1790.1  7391.0  23808.2    23737
read      404.4   363.6    68.9   131.6   158.5   349.0   438.1   494.0   537.6   592.5   670.6   801.5  1306.8  3668.1  9921.9  87794.7    87776
read      379.5   326.8    68.9   126.5   149.8   327.7   409.1   460.6   500.9   551.5   623.3   737.0  1461.9  3420.0  8697.4  82283.4    82175
read      387.0   305.7    68.9   134.4   162.7   343.7   425.0   474.7   514.4   564.7   631.9   743.1  1047.0  3227.7  8317.6  98602.6    98548
read      374.1   293.5    68.9   122.2   143.1   332.2   417.4   467.1   505.4   552.9   617.5   733.2  1365.1  2161.4  8619.3  37787.9    37704
read      369.3   293.4    68.9   120.8   141.3   318.8   404.4   456.2   495.2   543.0   608.0   714.9  1651.9  2749.5  6317.8  64696.0    64701
read      376.3   315.1    68.9   122.5   143.7   322.8   409.4   462.1   502.7   553.3   622.5   737.4  1648.2  3040.8  7882.7  68977.7    69089
read      376.3   329.0    68.9   127.7   151.6   326.6   405.5   455.6   495.1   545.5   615.6   727.2  1208.1  3527.5  9588.4  89751.6    89785
read      351.1   290.5    74.4   129.7   151.1   330.0   405.1   443.6   469.7   501.1   542.6   621.9   887.8  3176.4  9119.4  16595.9    16676

Total QPS = 50222.2 (90399936 / 1800.0s)

Total connections = 64
Misses = 0 (0.0%)
Skipped TXs = 0 (0.0%)

RX 22328783945 bytes :   11.8 MB/s
TX          0 bytes :    0.0 MB/s
Warning! Detected max cpu usage > 95%
CPU Usage Stats (avg/min/max): 99.95%,45.45%,100.00%
