Random waveform, supplied seed
Total number of intervals = 600 (5031, 54838, 74868, 30015, 40743, 23648, 97712, 53672, 55395, 29425, 15173, 82475, 90555, 47944, 28313, 28504, 22886, 35717, 14828, 81704, 55771, 85226, 75020, 12441, 56208, 17446, 86943, 49138, 49839, 47752, 27181, 6170, 7187, 99387, 91970, 79658, 59230, 78081, 64242, 37702, 40686, 30376, 38416, 65892, 39560, 10016, 55224, 19982, 48114, 36283, 23315, 11150, 98724, 56880, 13467, 99368, 46206, 71651, 22741, 56654, 99570, 23047, 70008, 42943, 46704, 75970, 21917, 82027, 81583, 14259, 7821, 17727, 65559, 41133, 28693, 53141, 54512, 14835, 98446, 38117, 77994, 30209, 68315, 91940, 49308, 46880, 92540, 49396, 97841, 35404, 80451, 87228, 75554, 57964, 83546, 55468, 34203, 37629, 34577, 47426, 58845, 66993, 10977, 51529, 48344, 5902, 71602, 41886, 47456, 93939, 16890, 45689, 32790, 44044, 28149, 39739, 72475, 93882, 6692, 50406, 83055, 55609, 16968, 43031, 17236, 82183, 42212, 12244, 61777, 36984, 29093, 41715, 34838, 63574, 24401, 32025, 98971, 23657, 67877, 53849, 79536, 17081, 39024, 26125, 33388, 20979, 95865, 73949, 60987, 54175, 51484, 39771, 32864, 42033, 43808, 45785, 35582, 38504, 15320, 74264, 43890, 5962, 38365, 55971, 23217, 87681, 91728, 96668, 80475, 27150, 53444, 23737, 87776, 82175, 98548, 37704, 64701, 69089, 89785, 16676, 69604, 99682, 97693, 17381, 40069, 8841, 56576, 21599, 53003, 19831, 80340, 28765, 25572, 37071, 75819, 44359, 95960, 59630, 47930, 65545, 94038, 51806, 48712, 13115, 76569, 19372, 59331, 62597, 37702, 41975, 26100, 82500, 50756, 66696, 53364, 10413, 64876, 69079, 19447, 81182, 25265, 9699, 48659, 75126, 96559, 55885, 9039, 66378, 41225, 52371, 39873, 41176, 85357, 85391, 91890, 57558, 9972, 74636, 29773, 63494, 7201, 49507, 65454, 88537, 36982, 88964, 96479, 47883, 50650, 89242, 7374, 8507, 50676, 57069, 43520, 56720, 68155, 60444, 63997, 17315, 78596, 81548, 97254, 46135, 13379, 46993, 98274, 97056, 43434, 36406, 99121, 80708, 40517, 34168, 11754, 93304, 64697, 92626, 75618, 85805, 18930, 50153, 10377, 33112, 28777, 45709, 74458, 73596, 28031, 45754, 80138, 64350, 51870, 81106, 82064, 30534, 25449, 67525, 27070, 41133, 28009, 64235, 16387, 62388, 40199, 16884, 55763, 41925, 42341, 93577, 7657, 14232, 30107, 71078, 85372, 54930, 5750, 80137, 41449, 17301, 19930, 41776, 8596, 30870, 69978, 23908, 9848, 71598, 77156, 14083, 87786, 57205, 53142, 77998, 98830, 32447, 74382, 32271, 55273, 68152, 25419, 43187, 60608, 62150, 30864, 69566, 38183, 51253, 53027, 37133, 73413, 78811, 88317, 46504, 46147, 35073, 18693, 46834, 76427, 96007, 83666, 64655, 54099, 5485, 94089, 57214, 23788, 75649, 39466, 47463, 19155, 18449, 35235, 93118, 76391, 70733, 74230, 37188, 48862, 59325, 66219, 25760, 75255, 67915, 23004, 21973, 82811, 38870, 85697, 94176, 89142, 39251, 36339, 30304, 58303, 78732, 81734, 85654, 40030, 11145, 24220, 36178, 69625, 80189, 64261, 78356, 30570, 63922, 82549, 7574, 42298, 39152, 88634, 60765, 30534, 35563, 96837, 74496, 42819, 50120, 16904, 11439, 24076, 84757, 76496, 34744, 5910, 6391, 25594, 30327, 62849, 91392, 44328, 47665, 79152, 11613, 96212, 27129, 86430, 58712, 23931, 8445, 55537, 54706, 51997, 18803, 88693, 91224, 76765, 80364, 54372, 32473, 25920, 11574, 99135, 24026, 92271, 88470, 58597, 83103, 19062, 72681, 30900, 94867, 22477, 97890, 11845, 95363, 90122, 81157, 78569, 97434, 29257, 42139, 21444, 18314, 49203, 87787, 77490, 16464, 23314, 88655, 28245, 40610, 77039, 35056, 26782, 53121, 15035, 33766, 99826, 49516, 25895, 64849, 79516, 55109, 69984, 34454, 64785, 43963, 90279, 62151, 46958, 82432, 45518, 97055, 28977, 72436, 5078, 81357, 28531, 87140, 36881, 12972, 41961, 76602, 93251, 35269, 86366, 29241, 57116, 81511, 45059, 75774, 61736, 8949, 66290, 82937, 74263, 25664, 64314, 23804, 66356, 49506, 54758, 72283, 95641, 24157, 15088, 73735, 75655, 44689, 37890, 50565, 81326, 75641, 97055, 26336, 63820, 85404, 18025, 42168, 37351, 31615, 46356, 24714, 67626, 15739, 87755, 14357, 51514, 72102, 84799, 21168, 43828, 13381, 70057, 19482, 13593, 30935, 27564, 89146, 12015, 12458, 43213, 34454, 79142, 43458, 65461, 17883, 21816, 92112, 86516, 85434, 49269, 64819, 45466, 74721, 22910, 47947, 69579, 61494, 31948, 43538, 70090, 9010, 53510, 84446, 70319, 55737)
Average QPS expected = 52043
Timestamp start: 1622175835368
Timestamp end: 1622177635912

#type       avg     std     min      p5     p10     p50     p67     p75     p80     p85     p90     p95     p99    p999   p9999      QPS   target
read      413.4  1018.9    86.8   158.2   202.0   316.2   364.1   395.2   420.4   450.4   490.9   572.7  2441.4 13576.8 35845.3   4960.7     5031
read      812.7  1974.7    74.4   136.6   170.1   404.3   505.2   584.3   672.6   844.6  1658.6  2543.4  8488.4 31083.6 37032.8  54531.3    54838
read      997.3  2609.3    74.4   258.6   304.1   481.1   593.1   681.4   756.5   853.7  1011.9  1975.3 12755.6 31847.3 40216.5  74955.0    74868
read      453.8   450.7    68.9   122.6   143.2   357.3   469.4   548.8   615.4   721.8   917.8  1160.6  1556.6  4255.6 12205.4  29901.0    30015
read      600.2   924.9    74.4   125.0   148.8   390.4   516.1   617.4   717.4   963.6  1386.8  1822.3  3203.3  8815.2 31729.8  40775.7    40743
read      514.3   774.5    74.4   124.9   146.7   374.0   502.6   585.1   660.3   819.0  1009.9  1225.9  2375.3 10382.3 32489.8  23476.3    23648
read      799.6   822.1    86.8   391.1   419.6   535.4   667.7   903.6   997.7  1193.0  1647.0  1969.5  2915.1 11157.6 30519.7  97682.7    97712
read      500.1   732.8    74.4   132.2   163.8   409.1   495.9   545.0   588.5   656.7   760.3   998.2  2745.8  9576.8 30566.2  53346.3    53672
read      472.4   754.8    74.4   125.4   148.8   367.1   459.1   510.8   555.3   617.9   707.7   999.0  2674.5  8898.2 31562.4  55260.7    55395
read      544.0   821.7    74.4   123.8   145.3   369.0   491.4   588.0   684.3   971.4  1198.1  1431.7  2440.8  8706.1 31655.4  29507.7    29425
read      562.0   938.2    74.4   125.9   149.2   425.1   608.4   719.8   784.0   850.9   931.0  1081.1  2748.1 10400.6 32414.2  15160.3    15173
read      857.8   863.0    86.8   372.2   397.2   530.4   798.3  1005.4  1463.3  1620.4  1766.0  2043.8  2998.0  9442.3 30924.0  82068.0    82475
read      470.7   585.0    74.4   149.6   192.8   419.6   487.0   527.6   564.8   630.2   744.8   889.5  1282.5  6479.3 30050.8  90672.0    90555
read      458.3   709.1    74.4   121.6   143.3   361.5   447.9   499.5   543.6   602.8   684.6   996.9  2479.2  8115.1 31234.5  48079.3    47944
read      529.3   785.2    74.4   123.0   144.7   361.3   487.2   588.4   695.4   956.3  1145.3  1343.7  1969.0 10324.4 31331.6  28217.0    28313
read      624.3  1227.8    74.4   122.2   144.6   367.7   529.2   740.6   948.6  1096.8  1239.2  1438.5  3833.2 16785.7 36330.7  28568.0    28504
read      606.5  1093.3    74.4   121.9   144.1   381.9   569.7   787.0   920.3  1031.9  1153.1  1349.0  3304.8 12259.7 36105.6  23029.0    22886
read      522.1   645.7    74.4   121.5   142.7   360.6   470.6   565.4   656.1   916.4  1252.1  1511.3  2011.2  7224.4 20299.8  35485.0    35717
read      539.9  1137.1    74.4   123.6   145.8   391.3   507.9   593.7   668.6   753.1   851.1  1012.4  3293.3 14335.3 32899.5  14743.7    14828
read      627.3  1160.5    74.4   153.2   204.6   440.2   508.1   566.7   640.8   774.2   917.4  1586.8  4639.5 14597.6 35197.5  81470.7    81704
read      443.3   620.5    74.4   121.8   143.6   354.8   444.7   496.9   540.6   596.4   678.1   946.0  2137.1  7710.6 30174.4  55598.7    55771
read      458.4   649.4    74.4   134.8   165.8   385.0   469.7   523.2   567.9   627.9   708.9   859.0  2191.3  8187.1 30473.0  85140.3    85226
read     1124.5  3683.6    74.4   227.3   373.7   534.6   620.9   867.9   970.5  1072.4  1593.8  3641.8  8631.9 35221.7 139842.8  75020.7    75020
read      540.6  1576.5    74.4   122.4   142.6   371.8   462.8   520.7   572.4   646.9   744.9   907.7  3112.6 30784.8 37057.0  12516.0    12441
read      611.0   826.6    74.4   128.7   155.7   394.4   510.0   590.6   676.4   923.0  1671.6  2030.9  2753.1  6852.6 30745.5  56043.0    56208
read      550.2   902.2    74.4   122.8   145.4   401.8   547.9   664.1   773.4   869.8   971.5  1132.8  3183.4  9543.8 31852.9  17647.0    17446
read      815.0   945.0    86.8   367.0   396.9   535.5   687.3   903.7  1046.7  1501.0  1688.3  1967.2  2849.9 13797.2 31513.9  86882.0    86943
read      444.2   612.7    74.4   121.0   142.8   364.1   450.3   500.5   544.7   604.9   689.1   921.7  2271.7  6415.6 30780.4  49174.3    49138
read      435.4   515.4    74.4   121.9   143.3   357.8   445.8   497.3   540.2   596.5   675.3   905.1  2111.1  5954.7 14325.3  49923.7    49839
read      436.3   612.5    68.9   119.3   140.1   355.1   439.9   492.3   536.7   592.9   669.1   960.4  2060.8  6650.8 29173.7  47553.0    47752
read      508.2   646.5    74.4   120.2   142.1   361.6   482.8   575.1   661.4   872.1  1093.1  1311.1  2320.1  6644.7 30861.4  27137.3    27181
read      771.1  2639.9    80.4   142.9   195.5   386.8   472.0   518.5   552.3   596.4   671.8  1325.6 11693.7 32251.0 62022.3   6216.3     6170
read      674.1  2258.1    80.4   134.8   175.3   393.1   489.1   537.4   570.4   608.6   659.7   764.7 11819.6 32620.5 40069.1   7296.3     7187
read      778.1   833.8    80.4   387.4   416.3   539.4   644.4   871.7   975.8  1106.4  1567.1  1886.5  2761.2  9842.4 30350.4  99100.0    99387
read      569.7   440.8    74.4   264.1   344.6   501.4   562.1   616.4   683.5   803.3   909.9  1023.6  1295.8  5646.1 16329.6  92116.7    91970
read      446.4   697.1    68.9   131.2   160.0   372.3   457.9   509.3   548.7   605.9   682.8   805.0  2052.4  9276.1 30956.6  79727.3    79658
read      470.0   804.2    74.4   123.2   146.1   359.3   450.7   503.2   548.0   611.4   696.8   967.2  2710.6 10424.6 31758.3  58901.7    59230
read      449.9   755.3    74.4   129.0   155.5   363.8   446.5   495.0   534.3   587.8   667.8   808.6  2566.8 10915.0 28095.6  78105.0    78081
read      454.2   660.7    74.4   124.0   146.8   356.1   448.0   499.8   541.7   600.4   684.9   951.4  2490.9  7087.7 31119.3  64146.7    64242
read      471.4   882.3    74.4   122.1   143.3   366.5   454.0   513.4   562.4   623.3   708.9  1076.4  2170.8 12902.3 31391.5  37812.7    37702
read      433.9   706.2    74.4   119.8   141.2   358.8   440.5   494.4   537.8   591.1   658.3   834.9  1831.3  9129.3 31737.8  40673.0    40686
read      525.8   593.8    74.4   120.8   142.2   365.9   490.7   588.6   692.2   950.8  1179.9  1416.8  2362.0  5649.2 15036.3  30686.3    30376
read      554.3  1022.2    74.4   122.4   144.2   368.5   472.6   553.8   627.8   752.1  1233.3  1597.0  2791.3 14418.8 31853.1  38404.0    38416
read      470.1   721.7    74.4   128.9   153.2   370.6   462.4   517.3   562.0   624.6   714.3   922.5  2609.7  8086.2 31345.6  65803.0    65892
read      457.0   728.4    68.9   122.8   144.6   371.7   457.4   514.4   564.9   626.6   709.2  1002.6  1952.6  8168.8 31113.5  39848.0    39560
read      603.5  1657.2    80.4   131.0   156.7   393.1   499.7   582.5   653.8   731.1   815.5   989.8  4899.2 31146.7 40212.3  10001.7    10016
read      532.4   742.2    74.4   125.1   150.1   377.2   475.7   542.5   604.4   693.8   969.0  1703.4  2806.5  8018.8 29771.8  55128.3    55224
read      528.5   835.8    74.4   122.7   145.6   388.0   529.1   626.8   735.9   865.4   980.4  1137.4  2485.4 12152.1 31089.7  19924.0    19982
read      576.9  1012.0    74.4   121.5   145.1   370.0   471.3   546.0   616.5   737.9  1440.8  1965.9  2765.4 12330.8 32169.6  48153.7    48114
read      438.9   582.1    74.4   120.4   141.2   363.1   448.1   508.3   556.9   615.5   690.6  1020.4  1735.7  7217.2 29445.2  36336.0    36283
read      556.1   971.8    68.9   122.2   144.0   370.1   512.2   613.7   738.8   928.1  1086.3  1290.7  3043.6 11931.2 32259.8  23293.3    23315
read      718.3  1973.1    80.4   128.9   155.7   435.1   587.5   666.4   719.0   779.5   861.3  1221.4  8102.1 31466.7 37514.5  11169.7    11150
read      698.7   790.9    74.4   358.6   390.3   511.4   632.4   738.7   832.4   920.4  1062.4  1604.2  2966.2  8579.9 31370.5  98780.7    98724
read      460.3   848.9    74.4   122.4   145.8   363.2   452.1   501.4   542.5   599.1   680.0   870.3  2468.9 11038.7 32424.8  56636.3    56880
read      501.3   963.2    74.4   124.2   146.9   382.9   484.3   552.1   621.1   705.1   798.7   932.5  3220.8 12062.3 32519.8  13388.7    13467
read      744.2   745.0    93.8   373.7   401.9   535.1   638.4   832.0   933.5  1062.3  1482.3  1769.2  2730.5  7665.2 30763.1  99124.0    99368
read      475.7   731.4    68.9   123.5   147.5   386.3   481.7   537.3   580.5   638.4   738.7  1059.3  2284.8  6825.3 31232.1  46090.0    46206
read      479.7   838.8    74.4   130.5   157.3   378.9   470.7   525.2   568.8   625.8   709.0   887.2  2825.6  9783.5 32223.7  71636.7    71651
read      496.8   721.5    74.4   121.0   141.8   370.0   494.4   571.0   633.3   761.4   953.3  1155.1  2553.5  7064.4 32604.8  22714.3    22741
read      553.3   838.1    74.4   124.9   149.6   365.0   460.3   528.9   595.6   706.4  1217.8  1937.6  2947.9  7898.2 31366.0  56728.3    56654
read      498.7   660.0    74.4   164.6   215.5   433.0   502.2   548.2   593.4   664.9   770.9   919.2  1479.3  8913.7 30119.0  99858.7    99570
read      508.1   893.1    74.4   122.5   143.6   366.1   486.6   563.6   627.6   758.3   973.6  1186.7  2435.5 12185.0 32309.4  22972.0    23047
read      763.5  1006.4    74.4   168.8   237.2   464.0   595.9   812.9  1071.9  1557.8  1705.5  2004.6  3230.5 10844.1 31467.9  69871.7    70008
read      457.9   613.1    74.4   122.3   143.9   371.0   459.0   517.2   567.3   630.6   719.6  1082.0  2151.5  7264.1 28238.8  42958.3    42943
read      443.2   551.0    74.4   120.5   142.3   368.7   457.3   508.4   552.8   615.8   694.1   915.3  2089.4  6102.4 19446.2  46913.3    46704
read      468.1   785.6    74.4   129.5   156.5   372.3   463.0   514.1   556.1   614.8   696.1   871.2  2759.6  8797.3 31896.5  75893.0    75970
read      550.9  1019.8    74.4   121.7   144.0   380.0   515.9   608.6   714.6   884.7  1049.7  1255.2  2793.1 15157.2 36317.6  22027.3    21917
read      681.6   893.5    74.4   181.8   258.4   468.8   547.6   658.5   804.0   942.3  1512.0  1956.9  3171.3 11677.2 31645.5  81924.3    82027
read      447.3   762.5    74.4   128.9   155.8   366.3   449.6   497.1   535.9   588.7   670.0   804.0  2724.9  9955.1 31734.9  81497.3    81583
read      527.8  1123.8    74.4   122.8   145.2   381.9   487.2   556.0   622.5   717.1   828.0   992.4  3566.9 15119.8 32285.2  14272.7    14259
read      610.9  1914.8    80.4   132.2   167.1   399.6   498.7   548.5   583.8   623.5   675.9   793.1  5325.1 31733.0 40704.8   7836.7     7821
read      626.2  1316.8    74.4   122.9   147.6   416.0   610.2   762.3   840.5   916.5  1003.0  1160.5  4959.9 20710.8 33424.2  17694.0    17727
read      763.0  1059.9    74.4   148.1   204.3   436.9   570.3   770.2  1088.8  1551.1  1788.1  2168.8  3749.0 12454.0 32143.6  65271.7    65559
read      455.2   719.7    74.4   119.9   140.6   365.8   453.7   510.3   557.7   618.7   702.7  1048.2  2031.2  7491.9 31594.9  41095.7    41133
read      528.6   771.4    74.4   118.5   138.9   360.7   487.8   584.1   683.0   963.0  1172.6  1373.3  2336.3  7932.4 31490.7  28600.0    28693
read      549.6   836.6    74.4   120.6   143.5   361.7   458.8   529.0   598.0   710.5  1403.0  1911.1  2676.6  7884.4 30324.5  53188.3    53141
read      469.8   837.1    68.9   122.7   145.1   364.8   456.1   508.9   554.4   614.6   694.0   932.0  2534.2 11503.9 31755.5  54319.3    54512
read      516.8   718.5    80.4   124.3   147.5   404.4   533.4   638.3   724.7   814.4   919.9  1080.1  2353.4  8062.5 31451.5  14841.7    14835
read      782.2   805.1    86.8   371.4   398.5   522.9   676.8   858.3   961.6  1141.3  1601.8  1965.8  3147.8  8601.1 29789.3  98274.0    98446
read      447.4   637.0    74.4   121.6   143.7   374.8   461.5   519.5   570.6   633.3   711.6   899.7  1711.9  8267.7 30430.5  38095.3    38117
read      486.3   826.3    74.4   132.3   161.9   393.0   487.0   542.6   587.4   640.2   722.6   914.2  2751.3 10352.0 32245.9  77834.0    77994
read      513.3   705.8    74.4   119.8   141.0   359.5   472.0   561.7   635.6   813.2  1118.2  1361.3  2671.1  6893.3 30450.9  30080.7    30209
read      672.6  1371.5    74.4   142.1   182.8   417.1   495.9   575.5   662.5   775.4   999.7  1973.1  5576.8 16112.4 38802.2  68107.0    68315
read      505.3   823.9    74.4   149.2   190.7   424.1   504.4   549.8   591.2   652.7   751.5   927.1  2166.2 12578.2 31815.7  91763.7    91940
read      448.6   642.6    74.4   121.9   143.6   367.6   456.8   508.6   554.5   614.6   692.9   900.6  2105.5  6713.4 30606.5  49119.0    49308
read      463.1   757.5    68.9   121.1   142.7   368.1   456.9   511.3   558.1   619.7   702.5  1019.2  2303.6  7756.1 31809.1  46713.7    46880
read      553.2   824.0    74.4   162.7   216.3   474.9   551.6   608.9   660.1   733.6   848.8  1024.2  1850.6 10608.0 32482.4  92428.3    92540
read      434.3   577.6    74.4   120.1   141.1   360.1   447.3   497.5   540.2   597.3   673.3   862.5  2052.7  6188.2 30329.9  49468.7    49396
read      477.0   632.3    74.4   150.8   193.5   416.2   490.7   534.6   574.0   633.6   732.9   898.9  1778.9  7382.5 30587.3  97715.7    97841
read      445.7   626.4    74.4   119.0   139.9   360.7   445.0   503.6   552.7   611.8   688.6  1046.0  1876.3  7302.2 28660.6  35212.7    35404
read      479.7   843.8    74.4   133.0   163.0   384.9   470.4   524.4   568.8   629.5   717.2   880.3  2616.8 12542.9 31735.6  80432.7    80451
read      469.3   731.6    74.4   137.7   169.6   386.9   471.2   522.7   565.8   624.5   712.9   870.4  2676.5  8507.3 31789.9  87432.0    87228
read      458.7   692.1    74.4   131.2   158.6   375.2   465.0   518.5   562.0   619.2   695.2   844.7  2525.5  9854.0 30337.0  75654.7    75554
read      461.6   755.9    74.4   124.2   147.1   365.2   458.0   511.6   555.4   616.0   697.8   941.3  2277.8  9940.3 31475.5  57882.3    57964
read      452.0   773.3    74.4   132.5   160.7   372.1   455.2   503.3   543.3   599.8   683.5   824.0  2431.4  8733.2 31601.3  83135.0    83546
read      461.4   673.2    74.4   123.8   146.1   370.3   465.0   521.6   567.7   625.3   707.3   953.2  2381.1  7828.1 31170.9  55577.0    55468
read      444.9   481.5    74.4   121.2   142.5   371.6   462.3   523.9   574.2   633.4   716.2  1049.9  1791.8  5875.3 12676.6  34166.7    34203
read      458.2   648.5    74.4   121.2   142.4   372.4   459.7   519.3   569.1   630.1   715.4  1080.5  2313.7  7859.0 30968.4  37774.3    37629
read      446.7   551.0    68.9   121.5   142.6   372.1   461.8   524.0   575.4   634.1   719.1  1047.1  1794.0  5075.8 19887.7  34668.3    34577
read      467.0   724.7    68.9   122.0   144.2   371.4   464.6   523.1   573.9   635.0   723.4  1041.9  2223.4  8197.4 31767.6  47135.0    47426
read      448.7   537.7    74.4   123.4   146.2   364.1   458.2   510.3   554.1   616.3   699.3   941.8  2278.1  5336.9 18051.9  58779.7    58845
read      485.6   851.1    74.4   127.6   152.6   377.8   471.4   527.5   572.3   630.1   716.3   932.4  2773.4 10567.0 31966.2  67023.3    66993
read      557.4  1519.9    74.4   129.2   154.5   395.9   480.4   535.9   587.9   658.4   750.6   903.8  3926.8 30873.8 37394.8  10918.7    10977
read      696.0  1335.1    74.4   130.4   160.7   416.0   518.1   618.3   735.3  1164.1  1658.6  2062.8  4035.0 22367.8 36591.1  51485.7    51529
read      460.7   736.5    74.4   122.0   143.9   373.3   461.3   513.4   560.3   622.4   701.6   896.3  2373.2  8453.1 31111.1  48303.3    48344
read      545.1  1583.3    86.8   146.6   196.6   362.5   431.7   471.6   502.4   540.9   593.3   736.0  4967.3 30618.8 32436.9   5869.7     5902
read      807.0  1110.5    68.9   188.1   272.1   486.4   626.0   899.8  1388.6  1601.4  1749.9  2067.4  3093.8 14457.5 32043.2  71262.7    71602
read      456.0   696.6    74.4   120.4   141.6   372.4   458.5   513.1   560.9   621.1   698.4   978.7  2118.9  7409.8 31262.4  41742.7    41886
read      445.2   587.0    74.4   120.9   142.6   370.2   462.0   517.3   564.4   624.7   704.1   922.0  1996.9  5796.3 30517.2  47207.7    47456
read      513.6   672.3    68.9   155.7   203.3   448.1   535.2   584.8   621.1   671.5   772.4   968.1  1844.2  9155.2 30950.3  94038.3    93939
read      495.4   717.5    80.4   122.0   143.8   385.6   504.7   581.4   660.1   771.8   886.8  1038.3  2569.1  7334.5 30882.3  16815.3    16890
read      547.4   920.8    74.4   118.7   140.2   360.4   460.1   534.2   603.0   722.9  1399.0  1808.3  2461.8 15503.3 31483.5  45545.3    45689
read      539.4   766.7    74.4   118.6   139.4   364.8   476.3   571.6   650.7   874.7  1262.7  1521.5  2908.7  8403.0 30210.6  32804.3    32790
read      529.2   965.3    74.4   122.1   144.8   374.7   466.8   532.0   592.1   674.8   901.5  1601.1  2874.2 12228.2 32147.5  44072.7    44044
read      563.6  1081.8    74.4   118.9   140.1   365.4   489.6   584.5   676.2   978.3  1186.0  1386.1  2977.0 15910.1 32409.7  28087.3    28149
read      554.2   976.1    74.4   119.3   140.2   364.5   465.3   544.0   615.6   730.4  1324.7  1718.0  2868.1 11795.1 36012.5  39666.0    39739
read      472.4   737.6    74.4   129.2   156.2   374.9   468.2   526.1   572.6   631.8   717.6   907.5  2661.0 10018.3 30164.3  72515.0    72475
read      473.5   695.9    74.4   144.6   182.3   405.4   485.6   533.5   574.4   631.0   720.8   881.3  1853.7 10604.3 31188.0  94288.7    93882
read      563.4  1438.1    80.4   140.7   181.0   366.2   439.7   489.8   528.2   578.4   652.8  1301.7  4452.7 30728.2 36991.9   6721.3     6692
read      546.2   919.4    74.4   119.7   141.1   354.4   451.3   516.7   577.8   672.0  1112.8  1903.3  3008.4 11397.9 31508.9  50380.3    50406
read      468.6   776.3    74.4   134.6   165.7   387.8   472.0   523.0   563.6   619.1   705.1   871.7  2275.7 11205.7 31556.5  82903.7    83055
read      469.1   746.2    74.4   123.2   145.7   367.1   463.9   523.4   572.8   634.5   725.0  1048.6  2263.4 10206.1 31573.5  55514.7    55609
read      535.6   695.6    74.4   127.5   151.7   426.3   557.1   646.5   745.9   873.2   995.5  1169.9  2187.3  7724.0 30645.2  17066.0    16968
read      532.1   662.2    74.4   126.6   149.4   386.2   495.7   576.4   650.2   761.7  1094.4  1650.0  2370.7  5551.4 22447.1  42746.7    43031
read      562.5  1239.9    74.4   123.3   146.2   408.2   530.3   613.7   701.9   828.8   947.3  1131.7  3139.5 14797.5 48391.6  17372.0    17236
read      694.0   812.0    74.4   199.0   282.7   483.0   571.4   729.8   869.9  1014.5  1557.7  1868.0  2843.2 10247.8 31129.7  81744.3    82183
read      467.7   727.8    74.4   121.0   142.7   376.7   466.5   524.3   574.0   634.0   722.3  1039.2  2049.4  8953.9 31248.2  42371.3    42212
read      756.4  2140.4    74.4   126.5   151.5   426.8   570.4   668.4   730.7   798.1   889.0  1191.7  8656.6 31645.6 36997.8  12238.7    12244
read      578.6   883.9    74.4   128.8   157.3   394.2   481.8   547.4   620.2   736.3  1208.5  1908.8  3043.3 10029.1 31441.1  61626.3    61777
read      458.2   734.1    74.4   119.6   140.7   370.4   456.5   513.5   561.8   618.9   693.4   985.6  2251.9  8343.5 31476.2  36967.0    36984
read      522.2   704.5    74.4   117.7   138.0   367.6   480.5   563.6   630.3   773.9  1192.4  1477.1  2524.8  7082.5 31059.3  28961.3    29093
read      496.3   764.2    74.4   119.1   140.0   363.6   457.6   521.8   578.1   650.1   802.8  1605.2  2375.0  7569.9 31147.0  41922.0    41715
read      445.2   599.4    68.9   121.4   142.2   372.5   461.7   522.7   570.8   626.2   697.3   927.5  1810.5  7431.0 29018.9  34740.7    34838
read      471.1   755.5    74.4   125.0   148.2   367.9   460.7   514.3   557.3   617.7   702.5   925.9  2716.9  8005.4 31309.5  63809.0    63574
read      491.7   623.8    74.4   121.0   142.0   376.7   500.8   582.0   650.8   792.8   997.5  1203.3  1689.2  5870.5 28816.3  24429.0    24401
read      585.7   858.6    74.4   119.4   140.0   364.9   501.7   630.0   914.0  1196.6  1379.7  1605.5  2415.8 10568.9 31072.0  32148.0    32025
read      620.8   580.9    80.4   279.8   355.1   511.5   578.9   643.7   732.3   873.8   980.3  1144.9  2092.6  7361.8 24657.3  98812.7    98971
read      498.3   792.0    74.4   119.4   139.8   370.3   494.0   570.1   631.5   745.1   950.7  1163.8  2544.7  7704.6 31876.7  23688.7    23657
read      746.0   956.2    74.4   153.5   211.3   447.8   586.7   795.5  1233.5  1573.9  1730.9  2028.6  3052.5 10624.7 32155.3  68134.7    67877
read      453.1   648.9    74.4   122.2   144.1   365.4   458.9   509.5   552.3   612.9   693.3   920.3  2234.9  8094.0 30246.8  53932.0    53849
read      458.5   728.1    68.9   131.7   159.9   379.1   465.8   517.0   558.7   615.1   693.2   845.4  2404.4  9691.6 31511.6  79421.0    79536
read      560.9  1046.4    74.4   123.2   146.4   405.0   538.4   638.1   739.4   845.8   948.6  1111.6  3681.2 11019.0 35545.0  17019.3    17081
read      582.8  1001.0    74.4   120.8   142.5   380.2   491.2   578.4   658.2   805.7  1380.2  1798.4  3000.1 13742.4 31992.6  38733.3    39024
read      638.9  1456.2    74.4   123.8   145.6   391.5   545.0   652.4   772.9  1000.3  1176.9  1403.8  4274.8 28305.6 37822.7  25892.7    26125
read      935.1  2302.9    74.4   123.9   149.4   420.3   587.1   850.5  1270.5  1493.5  1701.6  2145.3 11061.6 31704.8 38277.0  33298.3    33388
read     5922.8 66646.9    80.4   138.1   193.3   565.0  1074.1  1503.7  1660.0  1796.7  2003.3  2422.5 29386.2 1049606.3 1114079.3  20988.0    20979
read     1142.4   854.8    80.4   375.6   397.7   950.3  1579.9  1697.6  1791.8  1918.5  2059.9  2297.2  2966.1  5022.9 28199.2  96312.7    95865
read     1098.5   938.2   160.7   375.4   393.0   703.7  1534.8  1644.4  1755.3  1907.1  2080.9  2605.5  3228.0  9839.9 26590.6  73772.3    73949
read      815.5  1035.6   127.6   389.7   416.3   530.3   637.0   872.2   963.5  1068.4  1526.2  1873.8  4718.1 11427.2 31918.9  60936.3    60987
read      819.1  1444.7    80.4   246.5   340.8   513.7   596.8   719.4   845.9   947.1  1083.9  1942.0  6136.2 19151.1 38658.1  53981.0    54175
read      837.0  1886.8    74.4   153.3   192.0   460.0   583.1   753.2   950.7  1362.9  1712.3  2242.3  5668.2 31488.1 46057.9  51335.7    51484
read      500.1  1049.2    68.9   121.6   143.8   380.2   473.7   533.1   580.9   639.5   728.1  1005.3  2781.3 15958.6 32575.4  39672.0    39771
read      475.4   749.3    74.4   121.1   142.8   374.0   466.9   529.8   578.1   635.9   727.6  1158.3  2656.9  8146.9 31976.1  32893.3    32864
read      531.4   875.6    74.4   121.6   144.1   374.3   473.1   543.0   603.9   689.4   953.9  1672.0  2651.6 10986.5 32437.8  41794.3    42033
read      456.8   759.1    68.9   121.1   143.1   372.9   460.8   514.2   559.8   619.0   693.4   886.6  2267.2  7527.0 31861.2  43760.7    43808
read      445.2   618.2    74.4   120.3   142.2   370.6   457.9   510.4   556.5   615.2   690.6   914.9  1976.7  7691.4 30172.4  45873.0    45785
read      480.6   845.5    74.4   121.4   143.0   379.8   474.0   537.6   586.7   645.7   732.7  1031.9  2354.3 11260.1 31718.4  35679.0    35582
read      461.1   680.9    74.4   120.6   142.1   378.8   467.3   526.8   576.1   634.7   716.3   984.9  2071.3  8318.2 30842.3  38617.0    38504
read      489.8   558.6    80.4   124.4   149.1   409.3   534.0   627.9   705.6   786.9   876.7   998.4  1551.8  6196.5 20058.2  15255.0    15320
read      725.2   895.7    74.4   163.7   232.8   458.4   571.4   756.1   935.8  1527.8  1684.9  1980.5  2904.5 12186.5 30605.9  74380.7    74264
read      463.9   716.6    74.4   121.4   142.9   375.9   465.2   521.6   570.6   632.6   718.3  1049.9  2127.2  8801.2 31891.1  43845.0    43890
read      473.6   952.8    86.8   146.6   196.1   369.7   444.2   489.4   520.9   557.4   607.6   716.2  3144.6 10712.7 32204.8   5985.3     5962
read      500.6   714.6    74.4   122.2   144.2   377.9   476.5   548.2   607.9   686.9   874.9  1500.2  2018.3 10382.6 30904.2  38104.0    38365
read      467.0   680.1    68.9   125.8   148.5   367.1   462.5   517.5   563.9   625.5   714.1  1048.7  2365.4  7683.3 30947.4  55936.3    55971
read      510.0   724.6    74.4   121.7   142.8   373.7   500.5   584.1   661.6   843.9  1026.1  1207.3  2203.2  7821.4 30792.2  23441.3    23217
read      639.0   725.1    74.4   194.8   274.0   483.3   557.9   644.3   761.6   896.2  1071.2  1662.8  2657.9  7009.5 30524.5  87469.3    87681
read      477.2   654.9    68.9   145.8   183.8   412.4   498.1   548.6   589.6   644.6   737.1   907.6  1631.4  8001.3 30718.9  91611.7    91728
read      474.7   668.6    74.4   149.3   190.2   412.1   486.9   533.0   573.4   632.3   728.2   876.9  1787.2  7668.7 31500.2  96671.7    96668
read      460.6   743.1    74.4   132.5   161.4   381.0   469.6   522.9   565.1   621.5   698.2   840.4  2422.0 10069.3 31912.1  80381.3    80475
read      476.3   562.0    74.4   118.8   139.3   365.2   474.1   555.0   615.6   713.4  1008.7  1251.9  1660.3  6215.4 20428.2  27260.0    27150
read      482.5   607.8    74.4   121.6   143.4   355.7   452.1   510.6   563.2   632.7   758.0  1652.1  2506.8  5079.6 16263.1  53470.7    53444
read      510.0   590.4    74.4   122.2   144.1   386.2   517.3   605.3   693.4   895.5  1069.8  1258.5  1794.1  5167.8 30387.3  23653.3    23737
read      650.1   965.1    74.4   188.1   260.7   470.5   536.9   613.5   755.3   897.1  1085.7  1707.2  2762.0 12393.4 32087.6  87765.0    87776
read      466.9   787.5    74.4   134.5   165.7   386.4   469.3   518.7   560.1   618.0   704.5   855.8  2400.2 10868.7 31432.6  82238.0    82175
read      473.5   622.8    74.4   148.9   188.2   412.3   497.8   555.9   606.3   663.3   738.6   872.5  1424.0  7214.3 30041.9  98306.3    98548
read      440.7   532.4    74.4   121.7   142.9   373.1   458.9   515.4   562.8   621.1   697.9   969.7  1755.0  5526.5 26268.2  37824.0    37704
read      489.5   966.1    74.4   127.0   152.0   377.1   470.6   526.5   571.4   631.4   721.2   949.9  2614.0 10305.1 35484.8  64539.7    64701
read      474.2   727.0    68.9   129.1   155.2   385.0   482.3   538.7   583.3   639.5   723.9   909.5  2640.2  7910.3 31922.9  69129.7    69089
read      443.2   576.2    74.4   135.8   167.0   380.0   461.0   509.0   548.1   601.8   683.6   820.0  2135.1  7266.2 24814.2  90168.3    89785
read      555.1  1138.1    74.4   123.5   147.8   414.4   544.9   641.1   737.3   833.0   927.9  1063.5  3188.7 16897.6 32219.2  16839.3    16676
read      748.4  1025.1    74.4   160.2   223.2   457.9   604.7   752.7   988.3  1534.7  1720.4  2129.5  3087.2 13055.7 32099.2  69798.7    69604
read      591.8   744.5    74.4   230.2   310.9   505.4   570.1   629.6   691.6   800.2   924.8  1052.1  1478.4 10935.0 31531.5  99846.3    99682
read      532.3   498.2    74.4   181.3   244.0   475.2   552.4   610.0   658.7   728.4   838.0   993.6  1411.6  5355.8 15582.3  97595.3    97693
read      524.8   774.7    74.4   123.4   146.8   408.3   538.8   634.3   733.4   842.9   950.4  1093.4  2363.7  8502.9 32444.2  17441.3    17381
read      519.5   806.6    74.4   121.6   143.0   375.0   471.5   549.4   619.2   720.7  1118.4  1553.7  2122.3 10093.6 31074.5  40086.3    40069
read      591.0  1610.5    74.4   132.2   165.2   407.2   514.6   580.0   627.6   678.4   742.7   854.6  4884.0 30451.0 37472.9   8830.0     8841
read      525.8   725.3    74.4   125.7   151.8   384.3   486.0   547.5   602.5   679.7   834.5  1749.3  2726.3  8251.0 29032.4  56568.7    56576
read      527.4   903.5    74.4   119.6   141.3   382.8   516.3   602.6   691.8   871.3  1019.8  1174.5  2533.3  8688.7 35654.3  21654.7    21599
read      566.2  1078.7    74.4   122.3   146.0   372.1   468.9   532.4   593.2   684.6   959.9  1932.5  3206.6 12663.4 35166.6  52901.7    53003
read      445.0   815.6    74.4   118.8   139.8   367.3   461.3   511.7   547.2   592.3   661.2   895.3  1728.7  9052.9 31971.0  19679.0    19831
read      460.6   863.9    74.4   127.6   153.0   361.4   448.4   499.2   540.0   593.5   673.8   819.3  2893.9 11881.8 31733.2  80196.3    80340
read      428.4   760.6    68.9   112.8   129.2   341.7   434.1   493.4   538.1   589.2   667.3   948.6  1761.0  9996.8 31682.2  28802.7    28765
read      436.9   904.8    74.4   114.9   130.8   348.0   437.6   495.6   538.1   587.2   654.7   865.4  1640.1 10561.4 32255.8  25578.7    25572
read      433.2   728.7    68.9   113.1   129.1   346.2   434.2   492.0   540.2   600.4   678.4   989.6  1837.7  9407.1 30074.5  37030.0    37071
read      427.5   761.9    74.4   118.0   137.6   336.2   426.1   478.1   519.2   572.8   646.0   784.5  2727.6  9408.3 30664.1  76030.3    75819
read      440.7   799.9    74.4   115.0   131.7   349.0   442.6   497.2   542.2   600.2   682.4   970.2  1973.8  9170.7 31876.1  44464.3    44359
read      503.9   926.7    74.4   148.0   190.3   411.2   490.7   539.8   583.2   643.3   744.4   904.6  2158.1 16112.5 31110.0  96314.0    95960
read      452.1   666.3    68.9   123.4   145.4   364.9   458.2   509.5   550.4   608.2   689.0   870.6  2338.5  7452.2 31074.7  59487.7    59630
read      465.5   752.0    74.4   121.9   143.7   380.2   471.7   527.4   572.7   629.3   704.4   908.1  2172.2  8362.5 31562.3  47923.0    47930
read      456.9   731.7    74.4   124.4   147.5   368.1   457.8   508.0   548.7   605.6   684.8   844.4  2470.1 10250.9 30337.4  65693.0    65545
read      492.0   595.5    74.4   145.8   186.2   424.3   522.3   582.1   623.9   673.8   751.0   941.6  1748.2  7143.7 25357.3  94021.3    94038
read      453.4   601.2    74.4   122.3   144.6   374.0   466.8   521.3   566.0   623.8   702.3   920.7  2144.4  7017.8 30449.6  51667.7    51806
read      473.1   823.7    74.4   122.5   145.1   377.2   467.8   522.5   566.8   624.3   704.3   919.9  2231.4 10902.8 31888.5  48840.0    48712
read      437.7   752.5    80.4   126.5   149.7   382.0   458.7   499.6   532.2   572.9   632.7   775.5  1960.8  7379.1 31162.6  13187.7    13115
read      464.2   717.8    74.4   132.1   159.3   383.6   474.1   526.9   567.8   622.6   703.7   858.7  2479.4  9844.9 31228.2  76622.7    76569
read      469.5   883.2    74.4   122.7   144.4   379.4   475.7   530.6   569.6   618.1   693.0   948.0  2055.0 11008.2 36808.9  19380.3    19372
read      488.4   776.8    74.4   125.7   150.0   385.0   482.8   539.1   584.9   647.5   742.1   998.9  2549.1  9563.9 31393.9  59097.0    59331
read      532.0  1049.0    74.4   126.5   152.5   393.9   491.0   547.8   597.6   667.5   771.6  1151.7  3279.1 12795.7 32338.2  62632.3    62597
read      439.2   414.4    74.4   121.3   143.0   387.9   477.6   534.1   579.9   635.8   710.0   885.8  1692.9  4258.2  9461.2  37586.0    37702
read      459.4   673.3    68.9   120.6   142.2   379.1   467.2   522.0   567.6   625.6   703.4   986.8  2070.8  7368.8 30368.0  41933.3    41975
read      452.2   778.7    68.9   120.0   141.0   371.2   462.4   522.1   564.8   613.9   681.4   928.3  1970.7  7529.3 35359.7  26112.7    26100
read      491.5   635.7    74.4   140.7   175.8   420.3   514.7   569.7   613.4   669.9   754.6   936.2  2180.6  7924.6 30404.7  82112.7    82500
read      442.4   674.0    74.4   120.4   141.8   368.5   456.1   505.0   546.4   602.5   677.3   837.4  2063.8  7298.0 31050.8  50965.7    50756
read      498.5   924.9    74.4   128.7   154.8   389.3   483.0   538.2   582.4   639.4   729.2   929.3  2888.6 12893.7 31992.5  66486.0    66696
read      435.8   650.1    74.4   121.1   143.1   368.9   459.1   509.0   549.8   604.5   674.1   807.9  1977.5  7325.8 30119.8  53273.3    53364
read      408.6   658.5    74.4   130.7   154.9   357.1   417.7   451.8   476.8   508.6   563.1   692.2  1806.4  6311.1 30036.6  10469.0    10413
read      478.1   847.3    74.4   125.6   149.7   370.1   462.9   514.9   558.1   616.7   697.5   872.5  2743.9 11080.4 31904.8  64852.7    64876
read      460.4   773.5    74.4   125.7   149.6   367.9   459.5   511.1   551.7   608.1   685.6   839.6  2659.3  9746.2 31685.8  69016.3    69079
read      435.0   603.8    80.4   122.1   144.0   375.7   469.6   521.7   558.7   604.6   674.5   890.4  1474.7  4532.8 31142.2  19560.7    19447
read      478.3   868.0    68.9   134.8   166.3   393.1   478.7   528.9   569.0   625.2   711.1   862.7  2485.7 11436.5 31968.2  81286.3    81182
read      435.2   527.7    74.4   119.5   140.2   371.6   462.4   522.8   565.0   613.8   680.4   935.0  1559.1  6370.9 18693.0  25357.7    25265
read      416.3   756.5    80.4   132.2   157.0   363.0   425.4   460.5   487.9   523.2   577.6   685.5  1729.3  6091.6 31512.2   9801.7     9699
read      448.1   546.2    74.4   122.8   144.6   374.9   467.3   521.2   567.6   630.4   715.1  1033.0  1984.9  4602.6 19585.2  48666.0    48659
read      492.0   897.4    74.4   132.5   160.9   388.0   473.6   526.3   569.4   629.1   721.1   892.9  2948.7 12740.5 31740.4  75387.7    75126
read      478.1   581.4    74.4   154.3   197.1   424.8   501.2   546.9   589.4   649.3   739.3   893.9  1382.7  6444.8 30309.3  96614.0    96559
read      459.9   616.8    74.4   123.1   145.4   375.4   468.7   521.4   563.9   622.7   708.3   946.7  2339.2  7298.0 28909.9  55938.7    55885
read      476.6  1152.7    80.4   136.3   163.6   366.8   426.8   462.2   490.3   525.5   577.1   694.9  3876.4 15849.3 32401.3   9047.7     9039
read      494.0   903.2    74.4   129.0   154.3   385.0   480.4   536.6   582.4   641.2   727.6   925.9  2878.2 11559.6 32424.7  66058.0    66378
read      454.8   632.8    74.4   122.0   143.1   384.5   475.4   533.0   577.6   633.0   711.2   928.2  1878.0  7404.3 31386.0  41024.0    41225
read      448.6   732.0    74.4   121.3   143.2   371.4   461.8   512.1   552.5   609.3   683.6   849.7  2064.0  8924.0 31467.6  52572.7    52371
read      468.0   612.8    74.4   122.6   145.5   396.8   491.2   548.7   595.5   654.6   735.6   982.2  1931.9  7611.2 30555.3  39966.0    39873
read      458.2   532.2    74.4   122.4   144.5   390.4   484.5   544.5   591.7   650.3   734.4   986.1  1894.8  4589.7 24959.0  41162.3    41176
read      514.3   810.8    74.4   144.0   182.4   433.4   527.4   581.1   622.6   675.6   755.6   955.2  2515.0 11811.7 31953.3  85105.3    85357
read      529.8   842.2    74.4   149.5   193.2   451.9   548.0   599.0   637.0   689.4   785.7  1009.5  1925.2 11617.6 31867.7  85414.0    85391
read      455.4   551.5    74.4   139.5   172.6   399.0   491.8   544.3   582.8   630.3   701.2   856.6  1491.3  4735.1 28180.2  92007.0    91890
read      460.8   705.5    74.4   122.9   145.4   371.3   465.6   519.2   561.6   619.4   699.9   916.9  2339.2  9272.4 31256.0  57553.0    57558
read      425.0   740.2    80.4   132.9   159.7   362.6   426.4   462.1   488.5   522.4   583.0   721.7  2216.4  7716.1 31620.3  10005.7     9972
read      477.6   716.5    74.4   131.0   158.7   382.0   472.9   529.5   575.6   635.5   725.2   922.8  2779.4  9694.4 31155.3  74399.0    74636
read      457.0   709.4    74.4   120.7   141.7   378.7   470.0   531.8   578.0   631.8   706.1   990.1  1661.9  8733.8 31192.9  29911.3    29773
read      460.4   690.5    74.4   123.6   147.0   370.4   463.6   516.2   559.8   618.6   701.3   903.9  2444.5  8545.4 30458.7  63342.7    63494
read      391.0   701.7    80.4   140.9   171.5   338.8   386.3   415.0   436.8   466.4   509.4   598.2  1693.2  8972.4 30787.0   7211.0     7201
read      484.2   843.4    74.4   121.6   143.9   375.8   467.7   524.9   570.8   631.2   724.4  1179.2  2332.4 11729.2 31332.0  49487.0    49507
read      470.7   661.6    74.4   128.9   153.9   383.8   482.2   538.7   583.0   639.4   726.1   910.7  2598.2  6577.9 30016.5  65395.3    65454
read      488.4   602.2    74.4   145.5   184.1   423.2   510.7   564.5   608.2   670.1   765.7   940.8  1827.1  8337.4 30323.1  88606.3    88537
read      438.8   465.3    74.4   120.6   142.0   384.4   470.9   529.4   577.0   635.0   711.1   908.0  1715.1  4324.6 15416.5  37083.3    36982
read      485.0   574.6    68.9   146.8   186.5   427.5   521.3   576.7   619.4   673.2   752.7   927.2  1576.2  5615.1 27790.0  89102.0    88964
read      545.2   803.5    68.9   169.8   224.3   467.7   551.4   612.9   660.5   721.1   824.0  1002.0  1584.0 11963.1 31564.3  96588.7    96479
read      463.4   618.1    74.4   122.2   144.3   379.1   474.0   529.8   576.7   639.2   731.6  1106.1  2034.6  7527.5 27144.4  47860.7    47883
read      447.9   478.6    74.4   121.6   143.4   377.1   471.1   525.5   570.3   629.6   712.2   953.6  2139.9  4402.0 15629.6  50841.0    50650
read     1030.2  1344.8    74.4   170.1   236.0   701.4  1238.1  1418.6  1534.9  1673.5  1876.7  2333.6  4222.7 18593.9 32602.5  89398.3    89242
read      919.9  3421.3    80.4   137.9   162.6   390.2   481.0   533.1   580.4   659.1   954.4  2292.4 25406.6 37012.6 50442.9   7410.3     7374
read      410.6   688.5    86.8   142.0   172.0   350.8   406.3   441.1   467.7   501.9   550.1   665.5  1657.5  9114.3 31269.3   8542.3     8507
read      468.3   642.8    74.4   124.7   146.8   384.2   481.6   539.1   584.8   643.8   729.1   976.9  2267.5  7028.1 30848.6  50427.3    50676
read      493.5   878.8    74.4   125.8   149.7   382.2   480.4   539.0   588.3   653.2   744.4  1052.0  2549.6 12207.8 32437.8  57040.7    57069
read      467.4   721.4    74.4   123.7   145.8   385.2   472.6   528.4   574.9   635.4   718.4  1013.3  2001.8  8218.7 31606.3  43337.7    43520
read      455.9   684.0    74.4   125.6   147.1   367.3   462.5   514.7   556.1   613.5   695.7   924.8  2336.5  7839.8 29868.2  56639.0    56720
read      504.5   861.9    68.9   131.0   158.5   394.0   490.6   548.0   595.0   658.5   748.4   970.3  3010.1  9901.0 31759.3  68366.0    68155
read      459.9   748.0    74.4   123.6   145.8   367.6   459.2   511.0   553.5   611.1   690.7   875.1  2420.6  8647.8 31527.1  60469.7    60444
read      456.3   706.9    74.4   123.7   146.5   365.1   458.5   509.4   549.3   605.2   684.6   849.3  2587.6  8219.2 31115.2  64021.7    63997
read      468.5   943.8    74.4   122.1   145.0   375.1   464.1   510.3   545.2   588.9   658.8   870.7  2665.0 10788.7 32338.7  17183.3    17315
read      458.1   741.1    74.4   130.3   158.1   373.4   460.3   509.4   550.4   609.5   694.4   847.7  2495.6 10285.7 31278.2  78615.7    78596
read      461.2   768.2    74.4   133.0   162.0   381.6   467.8   520.6   563.9   620.3   699.2   839.9  2618.7  9319.7 32012.1  81467.3    81548
read      501.6   571.6    80.4   162.4   210.2   446.4   527.3   580.3   625.6   686.4   783.2   940.4  1406.4  8139.8 25633.3  96990.0    97254
read      492.4   785.9    74.4   125.3   148.4   397.8   496.3   556.0   606.1   672.1   764.5  1049.9  2180.2  8584.7 31425.9  46175.3    46135
read      418.4   513.2    80.4   126.3   148.9   383.4   459.0   500.9   531.4   569.9   636.9   804.9  1171.6  3966.3 27815.5  13444.3    13379
read      466.8   705.3    74.4   121.8   144.0   382.3   472.7   528.6   574.9   634.3   717.7   963.5  2127.5 10091.2 30914.4  46742.3    46993
read      594.2   511.4    80.4   241.6   317.2   523.9   608.9   666.4   717.3   807.2   932.5  1085.5  1428.5  6200.0 19336.1  98425.7    98274
read      545.1   686.0    74.4   183.7   245.3   478.6   546.4   597.0   649.6   733.9   855.0  1003.9  1558.8  7854.5 31493.4  97064.3    97056
read      459.0   639.1    74.4   123.4   145.7   386.5   475.7   529.6   574.6   634.5   715.5   970.9  1949.6  7084.8 31269.4  43264.3    43434
read      457.3   685.9    74.4   122.8   144.9   381.9   469.6   527.2   573.2   629.6   705.0   953.3  1791.6  8689.2 30773.3  36356.7    36406
read      567.5   690.1    74.4   197.5   263.8   492.4   574.5   640.3   694.8   766.4   878.1  1035.8  1547.7  8891.4 31543.4  99329.0    99121
read      479.1   707.1    74.4   137.3   170.2   400.7   491.2   544.1   588.4   646.1   729.4   887.3  2441.5  7852.5 31033.0  80629.0    80708
read      453.5   608.6    74.4   120.8   143.0   384.3   471.1   526.2   571.4   626.7   699.6   908.2  1903.4  7427.3 30012.9  40610.7    40517
read      469.3   801.0    74.4   120.8   142.4   383.5   468.8   526.0   572.1   628.1   702.0   972.9  2430.1  8219.7 32287.1  34213.3    34168
read      401.1   440.7    80.4   129.1   153.4   369.1   438.4   474.5   503.0   538.2   590.3   723.8  1148.6  4816.6 12399.0  11800.7    11754
read      479.0   737.4    74.4   145.9   183.9   407.0   487.9   538.4   583.0   640.8   727.8   875.7  2011.0 10614.8 31389.7  93176.7    93304
read      460.6   611.6    74.4   126.9   151.1   376.3   471.9   527.7   571.2   627.6   708.8   879.9  2564.0  6672.4 24963.7  64823.7    64697
read      482.8   784.2    74.4   144.3   182.5   414.5   492.6   538.6   580.0   637.0   729.0   897.8  1890.6 11339.8 31793.0  92722.3    92626
read      465.2   726.2    74.4   130.7   158.3   383.5   473.6   526.2   568.5   623.3   703.4   857.5  2742.4  8212.9 31362.3  75679.3    75618
read      466.8   788.6    68.9   135.3   166.5   390.0   476.0   525.7   565.6   618.1   695.5   849.0  2619.7  8129.4 34244.9  85591.3    85805
read      454.5   886.8    74.4   121.0   143.1   373.5   466.1   516.1   553.3   597.1   667.4   892.4  1716.7  9802.5 32655.8  18988.7    18930
read      486.1   967.5    74.4   122.4   144.9   384.2   477.0   531.5   575.8   632.9   713.3   935.6  2403.2 10744.5 32135.3  50136.3    50153
read      394.6   484.7    80.4   131.5   156.3   367.7   429.6   464.5   490.5   522.9   573.9   679.3   970.2  7082.0 12876.4  10549.3    10377
read      487.6   789.8    74.4   123.0   145.9   397.6   491.5   554.7   605.3   664.1   743.1  1053.4  2368.1  7722.6 31948.1  33260.3    33112
read      465.4   734.8    74.4   120.5   141.9   382.1   472.3   535.8   584.5   635.4   703.2   965.7  2463.2  7977.2 31582.6  28661.0    28777
read      474.1   670.7    68.9   122.6   144.7   388.4   483.5   541.4   588.7   648.2   736.7  1122.9  2077.7  7722.2 29618.8  45557.7    45709
read      494.0   820.8    74.4   134.1   163.7   399.1   495.7   553.0   597.9   657.5   740.4   915.6  2802.9 10952.8 31945.2  74447.3    74458
read      499.4  1002.9    74.4   129.5   157.3   385.6   469.3   521.6   563.8   622.5   711.3   878.7  3079.7 12814.1 32242.7  73591.7    73596
read      443.6   576.2    68.9   119.5   140.0   374.4   462.3   521.9   567.5   618.7   683.4   980.9  1819.7  6574.4 30836.7  28018.3    28031
read      443.3   539.7    74.4   120.9   142.4   377.2   464.9   516.2   561.3   619.9   695.1   920.7  1938.7  5719.9 19992.3  45544.0    45754
read      467.2   717.4    74.4   131.8   161.3   386.7   476.2   531.2   573.9   629.3   711.6   863.4  2535.5  7837.9 31801.5  79665.7    80138
read      475.3   814.6    74.4   126.7   151.2   378.6   472.7   528.4   572.2   629.1   709.7   884.7  2631.3  9696.2 32047.5  64442.3    64350
read      439.9   561.6    74.4   121.9   143.9   370.3   461.4   511.3   555.3   613.0   686.4   862.7  2000.9  6171.4 28963.5  51720.7    51870
read      474.1   724.7    74.4   132.7   163.0   388.8   477.3   529.6   571.2   626.0   706.6   863.1  2867.5  8877.0 31140.7  81187.7    81106
read      460.7   633.7    74.4   134.7   164.1   388.6   478.6   529.6   568.8   621.0   699.5   851.2  2481.0  8808.9 30155.7  82039.0    82064
read      435.6   583.6    74.4   119.9   140.5   372.1   457.3   512.5   557.2   609.5   673.2   880.6  1716.3  6299.2 30933.7  30809.7    30534
read      479.6   997.2    74.4   121.0   141.6   376.7   471.4   532.2   574.5   623.4   689.8   965.7  2482.2 12454.4 48439.8  25458.7    25449
read      480.1   810.8    74.4   129.5   155.1   386.0   479.5   534.4   577.8   636.1   722.0   899.7  2767.8  9362.4 32320.1  67570.7    67525
read      435.1   466.7    74.4   121.9   142.9   381.7   475.1   534.0   577.4   627.1   689.6   892.6  1487.3  4300.0 16010.3  26927.0    27070
read      469.2   789.1    74.4   120.4   142.0   380.8   468.0   521.7   566.9   625.3   700.0   942.0  2155.3  8491.9 31793.5  41040.3    41133
read      447.2   619.5    74.4   120.3   141.2   376.2   464.5   523.7   567.9   619.1   686.6   948.6  1681.9  7087.6 30546.6  27959.3    28009
read      481.8   794.8    74.4   126.7   151.8   381.1   475.8   532.0   578.0   637.1   726.5   947.0  2670.6 10500.8 31394.0  63993.0    64235
read      463.9   801.8    74.4   125.2   148.4   393.6   484.5   533.5   570.7   619.8   699.0   897.6  1517.5 10624.4 31740.9  16339.7    16387
read      489.9   773.7    74.4   128.8   153.7   388.6   487.5   544.3   590.2   650.7   738.1   973.7  2652.2 10257.2 31393.3  62246.0    62388
read      450.5   510.9    74.4   121.5   144.4   389.0   476.1   532.3   579.7   637.9   713.4   943.3  1830.7  5206.3 20173.6  40203.3    40199
read      477.5   886.6    74.4   125.5   148.7   391.1   481.7   532.5   569.6   618.0   697.0   926.7  2296.2 11220.6 32323.4  16946.3    16884
read      496.7   859.0    74.4   125.3   149.1   389.8   484.5   538.5   583.1   641.8   728.5   960.3  2758.8 10989.0 31701.4  55540.0    55763
read      461.7   643.8    74.4   121.2   142.6   381.1   469.9   526.6   573.9   633.1   717.9  1075.6  2093.0  6408.9 31175.3  42128.3    41925
read      473.6   793.3    74.4   121.1   142.9   386.3   477.4   534.5   579.9   637.1   718.4   968.8  2184.6  8916.1 31960.1  42425.7    42341
read      487.2   613.2    74.4   148.7   188.6   425.7   516.8   571.6   612.2   662.8   740.7   921.8  1475.0  7136.5 30710.7  93588.3    93577
read      398.8   863.4    80.4   139.9   169.1   334.6   384.4   411.6   433.7   463.2   507.1   608.5  1797.1  8087.0 32066.1   7606.0     7657
read      437.6   578.4    74.4   131.1   158.2   378.1   459.2   502.8   536.5   580.0   652.9   836.9  1650.2  7398.3 27602.3  14243.3    14232
read      440.1   669.7    74.4   121.1   142.6   376.1   462.0   519.2   561.8   611.3   675.7   848.9  1585.1  7162.5 31319.1  30011.7    30107
read      503.4   875.0    74.4   130.8   159.3   395.8   494.2   551.8   597.9   657.9   741.8   957.1  3057.2 10812.5 32034.2  71131.7    71078
read      462.4   742.5    74.4   135.4   166.0   387.9   471.1   520.0   559.7   616.5   698.3   850.4  2389.6  9102.4 31753.5  85190.7    85372
read      539.0  1060.4    74.4   125.8   151.0   399.8   497.9   556.0   606.7   673.7   778.7  1215.5  3332.2 11942.1 32364.1  55064.0    54930
read      467.3  1323.4    74.4   147.9   186.3   329.3   375.0   403.8   429.0   463.3   516.5   633.4  3809.5 27040.9 39228.6   5741.7     5750
read      467.6   696.4    74.4   135.5   165.7   390.9   481.5   535.9   578.0   633.2   716.7   861.8  2511.6  6964.9 31456.5  79771.7    80137
read      460.8   630.5    74.4   121.7   143.4   380.3   470.3   527.6   575.0   635.9   721.5  1106.1  1976.4  6689.7 30430.8  41423.7    41449
read      456.8   837.1    80.4   122.7   144.2   377.9   464.8   510.2   544.3   590.3   665.6   883.2  2455.5  9611.4 31895.7  17247.0    17301
read      444.3   648.1    74.4   120.0   141.8   374.2   470.3   523.7   561.9   611.6   698.6   957.2  1550.2  6684.1 25811.2  20026.3    19930
read      478.3   816.8    74.4   122.0   144.5   385.9   478.7   536.6   583.6   641.9   726.4  1056.3  2219.1  8401.5 32111.5  41698.0    41776
read      418.7   739.1    80.4   136.9   165.8   367.6   425.3   459.9   487.4   524.4   580.8   683.3  1316.6 10278.3 32250.0   8564.0     8596
read      526.1  1101.4    74.4   125.1   147.8   405.3   503.3   566.4   614.7   672.4   756.1  1073.8  2592.7 15899.1 32135.0  30796.7    30870
read      465.6   624.5    74.4   129.4   155.0   383.9   482.8   538.8   582.0   636.9   718.1   887.6  2585.9  6839.3 30261.9  69878.7    69978
read      455.0   649.6    74.4   122.4   144.5   385.8   481.7   539.0   580.5   630.0   699.5   941.3  1493.3  6235.4 31122.1  24126.0    23908
read      443.1   904.9    80.4   134.1   160.9   365.5   427.0   462.1   489.7   525.2   580.9   706.9  2731.8 11506.9 36299.4   9708.3     9848
read      484.6   811.3    74.4   129.7   156.6   389.0   482.2   537.1   580.9   637.4   719.4   887.1  3046.5  8872.1 31742.1  71294.0    71598
read      459.7   729.9    74.4   129.4   156.3   375.1   464.2   517.4   559.5   615.2   694.9   847.2  2740.1  7402.3 31423.3  76932.3    77156
read      436.7   810.3    80.4   123.1   147.1   374.9   454.0   496.1   526.8   566.5   634.2   801.7  1944.6  8999.9 36778.9  14118.7    14083
read      473.9   755.2    68.9   136.0   170.8   394.7   478.5   527.6   567.3   622.1   704.7   857.0  2540.6 10729.8 31424.4  87536.7    87786
read      469.9   620.4    68.9   122.8   146.9   384.2   483.9   540.2   585.9   647.6   736.4   985.2  2303.7  6104.2 30275.2  57118.3    57205
read      448.6   635.5    74.4   119.4   141.8   371.7   466.6   518.7   560.4   616.5   694.0   881.3  2121.8  8809.0 30123.7  53214.0    53142
read      471.0   716.4    74.4   131.2   161.0   386.5   476.7   530.0   572.4   629.7   716.0   877.3  2696.7  7472.6 31331.7  77651.0    77998
read      518.3   593.6    68.9   158.8   210.4   460.9   553.2   616.5   661.5   717.7   802.2   990.4  1465.6  6089.6 30374.7  98762.3    98830
read      436.0   604.6    68.9   117.1   139.0   374.5   457.3   513.3   557.5   612.9   681.0   893.7  1604.6  5820.9 31105.0  32375.3    32447
read      474.7   744.5    68.9   129.8   156.5   382.9   475.6   529.9   573.1   630.9   717.2   889.0  2753.4  9132.9 31241.8  74359.0    74382
read      445.1   700.9    74.4   120.0   140.8   372.2   456.7   512.8   558.0   611.5   680.7   925.1  1682.8  8558.6 30650.0  32225.3    32271
read      463.9   631.0    74.4   123.2   146.4   376.0   470.0   524.3   568.0   626.2   708.2   931.7  2373.3  7341.4 30191.1  55298.0    55273
read      460.0   691.5    74.4   127.1   151.0   371.6   465.9   519.5   561.0   617.7   697.3   862.5  2622.6  8441.6 30584.5  68308.3    68152
read      442.4   639.7    74.4   120.1   140.9   372.1   463.8   521.5   562.5   610.4   681.6   964.2  1588.5  6909.7 31293.9  25391.0    25419
read      446.2   561.7    74.4   120.3   142.3   379.2   466.7   520.8   565.1   622.5   694.5   911.8  1951.2  5613.5 30572.0  43217.7    43187
read      484.8   789.4    74.4   126.5   151.4   384.7   479.6   533.5   577.0   635.1   720.3   922.0  2744.9  9635.4 31673.8  60593.7    60608
read      489.8   764.9    74.4   127.1   152.1   387.8   485.3   543.9   591.3   654.3   744.1  1027.6  2577.2 10294.0 31258.1  62384.3    62150
read      452.0   605.9    74.4   120.6   141.5   382.7   471.5   533.2   580.7   636.6   712.2  1040.2  1654.3  6303.9 30716.1  30851.7    30864
read      494.1   922.7    74.4   130.4   158.5   396.4   491.0   545.9   590.4   649.7   735.8   909.9  2683.0 11458.2 31711.8  69495.0    69566
read      474.0   592.2    74.4   123.6   146.3   399.3   497.2   559.8   610.3   672.7   763.7  1058.2  1954.2  7103.6 24210.5  38409.3    38183
read      445.9   565.1    74.4   121.6   143.0   372.4   463.8   514.4   555.7   612.3   690.2   882.6  2111.5  6321.2 29066.1  51368.7    51253
read      467.0   721.6    74.4   123.0   145.9   377.6   468.8   523.1   567.5   626.6   708.9   956.0  2347.7  7958.9 32115.2  53457.7    53027
read      474.3   688.0    74.4   121.5   143.7   388.1   477.0   536.1   585.0   646.6   730.6  1150.6  2050.9  7466.6 31088.9  37164.0    37133
read      471.9   752.4    74.4   130.6   158.0   382.7   478.6   533.5   574.8   628.6   709.3   871.4  2784.4  9539.0 31440.6  73467.0    73413
read      490.9   732.3    74.4   138.2   171.3   408.4   500.2   554.4   600.0   662.4   751.3   919.2  2695.9  8093.8 31032.0  78927.3    78811
read      501.5   685.8    74.4   145.2   186.2   437.8   527.5   577.6   616.3   668.8   761.4   957.5  1839.8  8034.5 30342.1  88184.7    88317
read      462.3   619.6    68.9   121.1   143.6   382.4   474.6   531.6   577.7   635.9   720.0  1034.5  2133.3  6148.6 30523.9  46544.3    46504
read      438.1   513.5    74.4   120.8   142.5   374.8   465.4   518.2   560.4   616.6   689.1   875.2  1919.7  5203.0 28214.8  46049.3    46147
read      464.3   739.0    74.4   119.9   141.2   379.3   465.7   524.0   573.1   631.7   711.5  1098.6  1998.8  9347.0 31614.9  35097.3    35073
read      449.2   620.4    74.4   122.7   144.9   378.4   473.8   525.1   561.9   610.0   687.5   910.2  1851.3  9273.4 28110.8  18646.3    18693
read      466.0   691.7    74.4   123.4   145.2   381.6   470.1   523.6   568.2   627.5   709.1   957.3  2280.0  7803.9 30097.5  46745.3    46834
read      470.2   847.1    74.4   130.3   157.5   380.2   468.3   519.5   560.6   616.7   697.2   846.9  2693.0 11209.4 32359.1  76490.0    76427
read      496.0   667.4    74.4   157.9   203.4   437.4   518.5   578.1   627.0   687.2   771.1   916.1  1409.9  6635.5 28525.3  96168.7    96007
read      479.5   707.8    74.4   138.0   172.2   405.7   494.1   545.6   588.0   643.3   728.2   881.9  2632.4  8969.5 31045.2  83732.0    83666
read      482.7   833.1    74.4   127.5   152.5   383.4   478.3   531.8   575.9   635.1   720.0   898.4  2770.5 10960.9 35569.8  64913.3    64655
read      466.8   651.9    74.4   125.3   148.4   383.4   479.5   534.7   580.9   642.6   730.9   975.6  2301.9  5691.9 31833.8  54328.0    54099
read      479.3  1437.9    86.8   154.5   200.6   344.4   389.8   419.1   443.2   476.5   525.5   623.3  4132.1 30722.5 42899.3   5490.0     5485
read      536.5   698.0    74.4   164.9   217.3   471.7   557.2   615.1   659.0   716.7   815.7  1014.3  1644.4  7226.8 31737.3  93684.0    94089
read      477.0   680.8    74.4   126.7   150.7   385.4   486.8   544.7   591.4   652.3   739.1   964.0  2519.9  8193.1 31156.4  57313.3    57214
read      483.5   990.2    74.4   122.2   144.2   383.6   484.2   544.2   587.1   639.4   728.8  1006.3  1694.8 14046.6 37025.5  23767.0    23788
read      483.6   777.2    74.4   132.5   160.7   393.0   489.5   543.7   585.9   638.9   720.5   882.1  2921.2  9422.1 31650.7  75344.0    75649
read      451.8   492.3    74.4   121.3   142.9   385.5   474.8   533.2   581.1   639.1   722.3  1065.4  1812.0  5256.6 15730.3  39306.0    39466
read      457.4   651.8    74.4   122.4   144.4   380.9   473.4   527.8   572.6   632.7   713.6   938.9  1967.9  9533.5 30631.1  47385.0    47463
read      461.9   712.8    74.4   125.5   147.6   385.7   485.3   540.1   581.4   633.1   728.6   973.6  1640.1  7954.2 31774.1  19121.3    19155
read      460.5   765.7    74.4   126.3   148.1   378.9   478.4   531.7   571.6   625.3   724.4   963.8  1795.7  9647.0 32381.0  18450.7    18449
read      461.9   604.6    74.4   124.6   146.3   383.4   474.0   534.8   583.2   643.2   728.9  1094.5  1864.4  6376.2 28831.5  35251.3    35235
read      519.0   824.2    74.4   157.2   203.7   443.9   529.7   583.6   624.9   680.6   779.2   956.2  1590.5 12581.5 31819.1  93086.0    93118
read      467.5   764.8    74.4   130.6   158.6   383.4   471.4   524.6   567.5   625.6   708.6   863.5  2665.5  7535.5 31911.9  76375.7    76391
read      464.7   709.1    74.4   128.1   154.0   376.5   471.6   528.2   573.4   633.0   712.5   872.3  2689.1  7790.9 31192.6  70799.3    70733
read      502.9   910.8    74.4   131.4   159.6   385.6   476.7   534.0   579.5   639.7   734.2   937.1  3164.6 11752.4 31962.8  74177.7    74230
read      445.9   543.8    74.4   121.8   143.1   375.5   465.1   523.4   573.4   636.0   719.8  1037.5  1789.4  5171.6 30598.1  37308.7    37188
read      448.8   560.4    74.4   122.2   143.9   374.9   465.7   520.2   565.8   626.1   710.1   935.8  2081.9  5351.4 30160.6  49053.3    48862
read      450.8   653.1    74.4   122.2   144.5   363.6   457.2   508.1   551.1   610.1   686.7   885.0  2283.1  8111.6 30286.2  59307.0    59325
read      470.5   810.0    68.9   124.5   148.1   364.6   457.2   511.6   557.7   617.3   702.1   912.7  2690.2  8695.1 31931.8  66120.3    66219
read      438.7   530.5    74.4   120.9   141.9   371.8   467.5   530.2   574.8   626.5   698.5   964.7  1567.7  4828.6 28609.8  25744.3    25760
read      445.0   645.4    74.4   128.3   154.2   369.7   459.3   510.6   550.5   604.6   679.6   814.7  2509.5  7063.1 30531.1  75273.3    75255
read      476.1   716.4    74.4   127.7   152.9   375.8   470.8   529.5   575.1   636.5   725.4   938.4  2596.6  8143.6 30947.0  67889.7    67915
read      445.4   605.8    74.4   121.8   142.1   379.7   483.7   543.9   588.2   636.9   715.7   983.5  1475.1  6707.9 31348.9  23090.3    23004
read      455.8   566.4    74.4   122.3   143.5   389.1   495.3   555.2   597.2   645.1   724.0   978.9  1460.1  7973.1 28307.8  22067.7    21973
read      478.7   720.2    74.4   138.1   170.5   397.0   486.5   542.2   587.9   647.5   733.8   892.4  2429.4 10864.1 31294.5  82536.7    82811
read      455.0   599.8    74.4   121.3   142.6   378.7   468.7   530.9   580.9   640.1   723.3  1030.7  1887.7  6702.7 29875.7  38812.7    38870
read      446.7   627.5    74.4   133.5   162.9   377.3   460.4   509.2   550.1   608.3   691.3   835.3  2163.4  6740.1 30838.1  85655.3    85697
read      489.6   658.1    74.4   146.8   186.6   423.4   513.6   576.5   623.9   676.7   746.1   909.5  1548.0  6911.3 31410.0  94496.0    94176
read      455.5   497.2    74.4   140.0   174.4   397.6   486.0   538.7   580.4   634.9   718.4   867.1  1701.7  5878.0 13890.4  89202.3    89142
read      440.7   485.3    74.4   119.4   140.7   367.9   457.3   515.8   565.8   629.1   714.7  1096.4  1806.6  4151.6 16555.4  39269.7    39251
read      439.6   628.2    74.4   120.6   141.4   368.2   456.6   514.1   561.8   620.9   695.6   964.8  1696.5  7707.8 30987.5  36146.3    36339
read      446.7   660.3    74.4   119.1   139.9   363.6   455.8   519.3   568.1   623.1   698.0  1054.0  1651.7  8334.3 31152.4  30369.3    30304
read      444.0   503.3    68.9   123.0   145.3   361.0   455.9   509.2   553.7   615.8   699.1   966.1  2238.6  5331.6 11026.7  58367.3    58303
read      462.7   740.6    74.4   131.0   158.5   381.4   472.5   525.6   567.1   620.4   695.6   845.2  2450.9  9610.1 31272.6  78749.0    78732
read      475.3   679.3    74.4   135.8   167.2   394.3   484.2   537.7   581.6   638.0   727.8   910.6  2419.2  9296.9 29307.1  81731.0    81734
read      436.4   591.6    74.4   132.7   160.7   370.4   455.1   506.0   548.6   605.2   680.1   806.6  1994.1  6667.6 30672.2  85601.7    85654
read      445.5   603.3    74.4   121.9   143.1   370.1   459.0   517.6   566.4   625.9   708.4  1001.7  1839.2  7204.7 30543.3  40148.0    40030
read      430.4   882.9    74.4   127.8   150.6   365.9   435.8   473.4   501.4   538.3   592.0   714.1  1222.5 11872.8 31631.1  11121.0    11145
read      439.6   672.4    74.4   120.0   141.1   357.0   453.2   512.8   554.1   606.2   683.5   956.9  1556.6  9983.3 30779.3  24143.0    24220
read      435.6   555.5    74.4   119.1   140.2   359.0   445.9   505.5   555.3   614.5   692.6  1070.6  1745.7  7303.2 26927.7  36175.0    36178
read      453.7   644.0    74.4   127.2   151.9   365.5   458.1   513.2   559.5   622.3   704.8   874.7  2541.1  7127.2 30766.9  69529.0    69625
read      472.8   833.0    68.9   132.2   160.8   378.8   466.8   518.4   560.1   617.4   701.9   874.9  2574.5 11247.1 31273.0  79947.0    80189
read      469.8   712.6    74.4   126.3   150.4   371.0   464.5   519.7   565.0   625.5   715.2   937.6  2651.7  8590.6 31388.0  64396.3    64261
read      462.5   606.1    74.4   134.2   163.5   388.4   480.8   537.9   582.5   640.2   724.5   875.2  2240.9  7136.1 29769.6  78495.3    78356
read      459.6   626.1    74.4   120.8   141.9   369.8   464.6   532.2   582.8   639.2   731.0  1099.9  1883.2  7576.2 28344.8  30580.7    30570
read      456.5   625.2    68.9   125.6   149.8   367.6   462.4   516.8   562.1   622.6   710.6   934.2  2370.6  7170.7 30721.5  64032.3    63922
read      446.0   621.0    74.4   131.1   159.1   373.1   457.1   506.5   547.7   607.0   689.5   830.7  2329.5  8380.1 30481.0  82489.3    82549
read      385.1   386.4    86.8   137.7   165.9   356.6   413.0   445.4   469.0   500.4   545.2   632.0   908.3  4913.5 12507.3   7603.0     7574
read      453.2   548.0    74.4   121.4   142.8   368.8   460.5   520.7   572.2   636.7   733.5  1205.9  1850.5  7208.7 24261.0  42096.7    42298
read      434.0   443.6    74.4   121.1   142.4   362.6   452.0   510.9   559.5   618.9   697.5  1034.8  1782.0  4830.6 15454.6  39023.3    39152
read      446.3   533.9    74.4   137.6   170.3   387.8   473.9   525.2   566.3   620.5   696.8   833.9  1716.5  5514.2 17418.6  88633.0    88634
read      455.4   617.7    74.4   123.0   146.3   359.2   453.1   507.0   550.8   611.9   695.4   999.3  2454.6  6490.0 30529.5  60716.0    60765
read      453.7   784.5    74.4   119.5   140.5   357.7   445.0   508.0   557.1   615.5   693.5  1114.5  1878.7  8816.5 31588.6  30517.7    30534
read      446.8   612.2    74.4   121.1   142.1   362.6   451.9   513.3   565.0   626.2   712.1  1139.6  1869.6  5802.0 31151.2  35628.3    35563
read      501.4   660.3    74.4   153.7   195.7   430.0   526.6   589.6   632.6   686.6   773.5   963.0  1656.1  7530.3 30882.5  96787.7    96837
read      438.3   566.4    68.9   128.8   154.2   366.7   455.2   504.4   545.0   599.8   679.0   821.4  2345.3  6575.2 15621.6  74607.0    74496
read      433.0   538.0    74.4   120.6   141.1   358.9   444.1   498.0   543.9   605.8   688.2  1076.5  1812.6  6523.5 20544.6  43035.3    42819
read      431.8   600.7    68.9   119.1   138.4   346.6   436.5   489.8   535.5   596.1   677.9  1032.1  2014.0  6924.0 27885.2  49995.7    50120
read      428.6   779.3    74.4   119.7   139.8   354.8   447.0   493.4   527.1   568.9   635.0   837.5  1770.0  7931.8 31710.3  16802.3    16904
read      415.5   673.5    80.4   126.4   148.6   355.0   426.9   464.9   496.1   536.5   606.3   746.0  1821.9  7988.1 31379.5  11418.3    11439
read      431.7   492.2    74.4   122.5   143.2   362.3   456.6   517.7   561.2   613.1   688.4   961.8  1553.8  5154.7 22559.9  24270.0    24076
read      470.7   741.7    74.4   136.1   166.8   384.3   466.7   518.4   561.9   622.6   711.8   872.9  2597.5 10519.7 31899.3  84947.7    84757
read      468.4   749.9    74.4   131.6   160.0   380.9   468.5   519.7   562.2   621.0   708.5   881.4  2643.5 10381.8 31513.5  76357.7    76496
read      445.8   477.6    74.4   122.5   143.3   370.8   461.2   525.0   577.6   637.7   727.5  1118.0  1816.8  4071.6  9873.0  35001.0    34744
read      430.9  1174.3    86.8   146.5   182.7   336.9   388.1   420.0   444.5   473.7   522.3   611.3  2105.9 27987.6 32237.4   5953.7     5910
read      400.7  1070.7    86.8   140.3   171.4   315.6   363.7   393.6   416.2   443.1   483.7   563.4  2238.7 12723.5 41102.1   6400.3     6391
read      438.7   550.3    74.4   122.2   143.3   361.2   459.5   521.0   565.7   620.1   712.5  1019.2  1502.4  7228.4 26519.4  25536.0    25594
read      446.1   793.8    74.4   120.2   140.3   354.1   442.1   501.6   547.5   602.5   676.9  1041.3  1701.4  7994.6 36464.8  30157.7    30327
read      463.1   720.5    74.4   124.7   149.0   368.9   461.9   515.5   559.0   616.7   694.9   901.5  2670.5  9355.2 30977.4  63048.7    62849
read      494.9   681.7    74.4   148.9   190.1   423.9   509.4   563.8   607.9   668.8   761.6   931.1  1853.0  9624.1 31282.3  91134.7    91392
read      432.8   562.0    74.4   120.1   141.1   357.5   442.8   495.8   540.7   600.7   678.7   969.4  1917.9  6063.4 24763.3  44371.3    44328
read      456.9   597.0    74.4   122.0   143.7   361.7   453.4   509.3   558.6   622.9   721.0  1214.0  2186.6  6537.4 28149.4  47623.0    47665
read      446.2   607.8    68.9   132.0   159.8   375.0   462.7   516.3   557.3   612.4   690.4   827.9  2279.5  8496.5 20068.5  78962.3    79152
read      423.8   850.2    74.4   126.5   146.8   348.1   419.8   458.7   488.3   529.1   598.2   740.2  2155.1  8440.0 32342.3  11510.3    11613
read      517.2   536.4    74.4   162.4   212.9   460.7   551.4   606.5   644.0   700.6   811.4  1006.4  1460.0  6385.2 27956.1  96559.3    96212
read      441.8   737.9    74.4   120.6   141.3   355.8   449.0   512.3   561.2   617.6   704.7  1053.6  1562.4 10498.5 30748.7  27369.7    27129
read      487.4   627.4    74.4   143.9   181.0   417.5   509.9   568.2   611.9   668.0   752.5   929.8  1955.6  7552.2 30643.2  86524.7    86430
read      441.8   545.3    74.4   123.0   145.6   354.6   446.9   499.9   543.4   602.3   684.7   972.5  2280.3  4634.0 22480.1  58702.3    58712
read      440.8   735.7    74.4   121.2   141.3   352.5   446.3   504.2   546.6   600.4   687.1   967.0  1595.8 11292.3 31669.9  23971.3    23931
read      383.1   513.5    80.4   132.8   158.7   331.8   389.8   423.6   450.5   484.0   532.5   629.3  1774.7  7799.4 11734.4   8357.3     8445
read      429.5   515.0    74.4   123.3   145.5   355.9   445.6   496.6   539.0   594.2   671.0   853.0  2111.5  4856.7 15245.7  55167.7    55537
read      458.6   642.0    74.4   123.8   146.5   360.5   454.8   511.7   559.0   621.9   714.1  1084.4  2231.8  7549.5 29054.4  54591.0    54706
read      458.9   788.6    74.4   123.5   145.4   363.3   452.6   504.8   549.5   610.0   692.6   951.3  2195.0 10328.3 29597.7  52078.3    51997
read      416.7   511.8    74.4   120.2   141.3   354.2   451.0   502.3   538.8   583.6   656.1   873.2  1401.5  6981.6 14286.0  18993.7    18803
read      465.5   594.7    74.4   139.8   174.0   395.9   489.0   545.6   590.8   642.0   717.6   871.7  1955.9  7258.3 25486.8  88981.0    88693
read      468.8   785.1    74.4   142.7   177.2   396.5   474.2   521.9   562.8   620.9   714.3   865.2  1880.5 10113.1 32075.3  91387.0    91224
read      465.4   795.1    74.4   130.7   158.2   374.4   460.5   512.2   555.5   615.6   698.5   856.0  2584.9 11259.9 31734.0  76803.7    76765
read      448.5   597.8    74.4   132.1   161.2   376.8   465.8   519.4   561.4   616.5   691.1   837.5  2443.5  6324.9 30599.4  80564.3    80364
read      435.9   685.1    68.9   121.1   142.8   351.0   439.2   491.1   533.5   588.4   662.9   843.9  2103.6  8246.9 31392.2  54458.0    54372
read      441.8   606.6    74.4   119.0   139.2   355.2   440.8   501.8   549.8   608.6   693.0  1099.5  1857.8  8806.3 28868.9  32643.3    32473
read      406.5   423.1    74.4   119.6   139.8   341.1   429.3   490.7   533.8   583.4   659.6   985.1  1457.4  3296.6  9202.8  26089.7    25920
read      379.2   349.5    74.4   123.7   144.5   338.2   410.6   449.5   477.4   516.7   582.8   710.4  1430.7  4358.3  6892.1  11639.3    11574
read      431.6   399.2    74.4   149.6   186.6   389.2   467.6   514.7   552.8   608.1   686.4   818.3  1090.5  4067.2 11941.2  98958.7    99135
read      419.2   519.0    74.4   121.2   141.7   346.4   439.9   501.1   543.2   591.9   673.9   986.9  1468.0  5103.7 30351.7  24046.7    24026
read      497.5   643.4    74.4   150.4   191.5   430.2   524.1   580.6   624.1   680.1   768.4   957.1  1590.2  7313.8 31724.7  92109.0    92271
read      429.2   658.5    74.4   132.6   161.3   366.1   447.1   495.5   534.1   585.2   659.9   784.7  1712.4  8104.4 30351.0  88435.3    88470
read      430.1   482.3    74.4   125.4   147.5   355.8   449.1   501.4   543.3   599.6   680.6   885.9  2037.5  3668.7 15954.6  58412.7    58597
read      446.0   557.6    74.4   135.0   164.1   377.1   463.2   514.1   554.9   612.7   695.7   847.7  2205.4  6294.9 28901.5  82987.0    83103
read      430.8   696.1    74.4   121.3   142.6   350.0   444.5   497.5   536.4   583.2   663.1   894.7  1643.5  9319.1 31421.1  19157.7    19062
read      447.9   585.3    74.4   128.8   155.1   368.4   458.9   512.7   556.6   615.4   694.2   863.9  2332.2  6144.0 30425.0  72613.0    72681
read      454.0   669.5    74.4   123.6   145.2   370.8   461.6   524.0   572.5   629.1   709.3  1056.1  1814.1  7150.0 31261.5  31125.0    30900
read      488.2   724.7    74.4   155.2   199.1   427.0   501.8   545.0   583.2   640.2   743.8   910.9  1483.6  9250.2 31547.9  94664.7    94867
read      423.3   614.9    74.4   120.9   141.2   350.4   444.0   502.5   542.7   589.3   667.2   925.2  1487.9  7358.7 30899.2  22484.0    22477
read      509.3   617.0    74.4   161.5   212.6   451.9   532.4   589.8   641.5   703.7   795.7   965.2  1445.9  7665.2 30564.3  97792.3    97890
read      378.3   453.3    74.4   125.6   146.9   336.6   405.6   444.3   471.6   509.4   567.2   699.8  1093.1  6464.9 19231.7  11659.3    11845
read      536.7   623.8    74.4   165.3   219.0   467.8   560.4   616.1   656.6   712.7   823.7  1034.3  1794.1  8830.1 29986.9  95056.3    95363
read      475.1   589.6    68.9   144.4   183.6   411.0   493.6   545.5   592.6   660.3   750.1   893.8  1651.7  7145.2 30551.5  90071.0    90122
read      451.3   705.5    74.4   130.4   158.7   372.7   457.9   507.7   548.2   603.9   686.0   842.8  2508.5  7812.2 31441.9  80913.7    81157
read      450.7   789.2    68.9   128.2   154.6   365.4   448.3   496.7   536.6   592.6   675.7   824.7  2419.0 10244.1 31778.5  78490.3    78569
read      443.6   328.7    74.4   146.9   184.0   402.7   489.0   540.5   582.0   634.9   714.6   861.7  1201.5  3443.2  9623.0  97650.0    97434
read      424.4   559.8    74.4   119.3   139.7   350.6   437.4   497.3   541.4   592.9   670.8  1002.2  1599.8  5321.9 30819.6  29277.0    29257
read      433.0   458.2    68.9   120.7   142.2   359.6   443.7   499.5   546.4   604.9   684.8  1055.8  1847.4  5789.1 10410.2  42055.7    42139
read      417.8   546.7    74.4   123.1   143.8   347.7   441.3   498.2   537.8   585.8   667.2   928.9  1379.0  7064.3 20258.4  21563.7    21444
read      411.3   559.6    74.4   123.6   144.3   350.9   442.0   492.0   528.4   574.6   652.6   891.4  1314.7  5874.6 29314.7  18371.3    18314
read      459.7   535.5    74.4   126.0   149.3   372.4   465.8   524.1   573.5   636.5   736.2  1172.2  2155.2  4874.2 15571.6  49130.3    49203
read      506.7   809.0    74.4   144.3   183.6   420.4   506.8   559.5   605.8   670.8   770.0   967.8  2226.2 12650.5 31331.7  87680.7    87787
read      454.9   646.8    74.4   132.8   161.5   379.3   469.3   521.9   563.1   619.8   698.6   845.6  2433.9  8028.9 30672.9  77649.7    77490
read      396.6   409.0    74.4   120.4   141.3   341.7   428.6   475.2   510.1   558.2   638.2   822.0  1354.7  4325.7  9507.6  16604.7    16464
read      428.1   719.8    74.4   120.3   140.9   345.0   435.8   493.7   535.7   586.0   669.6   949.4  1480.8  8733.8 31484.2  23478.0    23314
read      450.2   509.3    74.4   138.5   171.8   388.8   473.8   527.7   572.2   629.3   710.7   856.6  1801.0  6235.5 20072.0  88915.3    88655
read      424.8   503.1    74.4   122.1   143.4   355.1   442.9   504.6   550.7   604.2   677.8   989.1  1544.5  6313.4 15694.4  28111.3    28245
read      450.5   580.7    74.4   121.7   143.6   367.2   455.4   513.3   564.0   627.4   719.9  1139.6  1939.9  6707.9 26421.8  40414.0    40610
read      449.8   642.0    74.4   129.9   156.8   371.0   458.8   509.5   550.3   607.8   690.3   848.8  2415.3  7416.9 30454.6  76755.7    77039
read      424.4   477.2    74.4   119.5   140.7   354.8   436.0   492.0   538.2   594.2   670.7  1034.6  1721.3  5016.4 11678.8  35274.0    35056
read      413.9   399.4    68.9   120.2   140.9   348.6   436.8   495.0   538.1   588.0   660.8   955.2  1546.6  4390.9 12906.4  26732.0    26782
read      397.3   454.2    68.9   119.8   140.9   340.5   424.9   472.7   510.5   559.4   626.1   767.9  1790.7  4161.4 14564.7  52988.7    53121
read      339.4   217.4    74.4   124.6   144.4   329.9   394.4   428.8   454.1   484.0   524.3   600.9   854.3  1380.5  9584.3  15073.7    15035
read      363.0   249.3    68.9   119.4   140.1   334.0   410.0   457.4   493.9   536.9   587.7   676.7  1240.7  1813.6  7808.4  33774.0    33766
read      394.1   276.0    68.9   134.4   162.7   354.7   442.6   496.4   535.7   580.7   638.5   749.4  1111.6  3107.8  7643.6  99773.0    99826
read      380.6   362.7    68.9   120.3   140.9   338.6   420.7   466.6   502.8   549.0   610.1   720.0  1568.7  2832.2 10851.2  49577.3    49516
read      360.4   243.7    68.9   120.6   140.9   330.7   413.1   459.8   494.0   534.4   584.2   684.3  1104.2  1538.6  8867.5  25934.3    25895
read      376.6   315.8    68.9   120.0   141.2   329.6   414.7   462.0   499.4   547.1   610.4   714.0  1722.2  2901.1  7998.7  64659.7    64849
read      372.8   302.6    68.9   122.3   144.2   329.0   410.5   457.8   494.5   542.2   608.6   715.1  1324.9  3370.1  9054.2  79581.0    79516
read      375.2   294.7    68.9   120.2   141.2   334.2   417.0   461.5   497.3   543.9   604.5   705.0  1679.8  2350.8  6257.1  54754.0    55109
read      379.6   313.6    68.9   121.8   143.2   333.4   418.2   468.4   506.7   554.9   619.0   724.0  1606.4  3328.5  9501.0  69934.0    69984
read      362.1   260.4    74.4   119.6   139.8   331.4   407.4   454.7   491.8   537.7   590.7   683.9  1249.2  1654.2  9742.7  34531.3    34454
read      374.7   300.1    68.9   120.6   141.6   332.3   417.3   464.1   499.8   546.0   608.0   711.2  1605.3  2965.9 10137.4  64348.3    64785
read      363.3   252.9    68.9   119.2   139.8   336.5   411.2   455.1   490.4   534.6   588.7   675.8  1336.4  1974.4  6395.8  44094.3    43963
read      379.2   314.1    68.9   128.3   152.8   337.7   418.3   466.1   503.8   550.3   617.8   724.6  1022.4  3700.7  9302.2  90293.7    90279
read      379.1   293.2    68.9   120.9   142.4   334.4   420.3   468.5   505.3   551.5   614.5   719.9  1727.3  2691.0  6741.5  62486.7    62151
read      380.6   283.8    68.9   120.2   141.5   342.3   422.4   468.4   505.7   553.4   616.0   726.7  1552.2  2319.0  7772.9  47044.3    46958
read      388.3   411.8    68.9   126.2   150.2   338.3   425.4   475.6   513.5   561.3   627.6   736.1  1189.5  4698.9 12263.2  82428.0    82432
read      379.4   275.2    68.9   120.5   142.2   343.8   424.2   470.3   508.8   556.5   616.2   723.6  1479.2  2374.6  6411.8  45396.0    45518
read      408.4   280.9    68.9   137.4   167.6   364.9   453.7   507.3   549.0   600.0   668.3   789.4  1188.8  3129.3  6885.2  96580.7    97055
read      364.4   269.0    74.4   119.9   140.1   329.7   409.0   456.3   491.9   535.2   587.8   690.4  1212.5  2694.5  8410.9  29159.7    28977
read      374.9   317.3    68.9   121.7   143.5   332.4   415.7   464.2   500.9   547.5   614.0   716.3  1552.5  3097.0  7899.8  72549.7    72436
read      299.0   339.8    80.4   154.0   184.7   277.8   310.8   330.0   344.0   361.9   385.1   426.8   539.6  5536.1 12756.1   5002.7     5078
read      384.8   347.6    68.9   125.5   149.3   338.4   423.3   472.3   511.0   560.5   629.5   743.0  1341.2  3363.0  9267.4  80954.3    81357
read      353.0   275.1    74.4   118.0   137.4   320.2   397.0   442.8   476.6   517.6   568.4   660.2  1160.3  1978.2  8737.1  28573.7    28531
read      381.7   331.6    74.4   127.5   151.6   337.3   422.3   471.1   509.2   556.3   620.9   727.9  1047.5  3976.2 10243.5  86958.3    87140
read      364.6   262.2    68.9   118.2   138.4   331.9   407.9   453.8   489.9   535.0   590.2   693.0  1318.0  1766.9  8746.5  36891.0    36881
read      341.4   257.8    74.4   128.5   148.7   329.9   389.2   419.3   440.4   466.3   502.3   573.4   799.8  3627.5  7998.6  12884.0    12972
read      379.9   288.3    68.9   121.1   142.8   342.7   422.3   468.5   506.2   552.0   611.7   722.6  1480.6  2092.5  8063.6  42088.0    41961
read      377.8   354.7    68.9   122.5   144.3   330.6   412.5   460.3   497.3   544.2   610.0   715.8  1607.7  3411.8  8795.7  76460.7    76602
read      399.5   320.3    68.9   133.4   161.6   358.3   444.1   494.2   533.1   583.2   653.7   774.1  1079.5  3485.3  9629.1  93095.3    93251
read      363.4   254.0    68.9   119.2   140.1   332.0   409.1   455.6   491.9   535.9   589.2   685.5  1275.8  1900.1  5017.0  35299.0    35269
read      377.6   278.0    68.9   127.3   151.3   338.4   420.9   468.3   506.1   554.5   622.7   731.6  1084.5  3141.1  7038.1  86307.7    86366
read      355.3   244.1    68.9   118.8   138.9   325.5   405.2   452.7   487.3   527.9   578.1   668.6  1149.9  1614.2  7931.0  29206.3    29241
read      373.8   286.0    63.8   119.3   140.4   332.9   414.7   461.2   498.2   543.9   604.7   705.4  1618.5  2357.3  7959.7  57302.0    57116
read      374.5   273.4    68.9   124.7   148.1   334.1   417.0   465.9   502.2   548.3   613.5   719.7  1109.1  3151.9  6187.4  81439.3    81511
read      382.3   278.1    74.4   121.4   142.9   345.8   428.3   474.4   510.7   557.6   619.8   726.7  1506.2  2347.8  6308.5  45168.0    45059
read      387.4   333.3    68.9   125.9   149.0   339.5   428.3   479.7   519.5   569.8   636.7   746.3  1416.3  3421.0  7825.1  75769.0    75774
read      375.1   281.1    68.9   120.6   141.8   333.7   419.2   465.2   501.3   547.5   610.1   708.2  1653.4  2700.5  6233.0  61432.3    61736
read      311.3   185.6    74.4   134.4   158.1   300.3   345.7   371.3   390.8   413.3   441.6   497.6   685.0  2820.2  4176.1   8930.3     8949
read      375.7   300.4    68.9   121.0   141.9   331.7   417.1   465.1   501.4   547.0   610.3   713.4  1652.4  2784.1  8042.1  66017.3    66290
read      374.1   304.2    68.9   123.3   145.9   329.9   411.9   460.6   497.1   542.5   606.9   712.3  1399.2  3378.6  5066.7  83183.0    82937
read      369.9   312.4    68.9   120.4   141.5   329.3   411.8   459.4   495.6   541.6   603.0   703.5  1380.1  2986.4  7747.1  74170.7    74263
read      353.2   234.3    68.9   119.3   139.1   323.1   405.5   453.0   486.2   524.2   571.7   659.7  1080.3  1739.9  6122.1  25694.3    25664
read      373.0   308.7    68.9   119.8   140.8   330.1   414.8   463.1   499.5   544.9   605.1   702.5  1615.1  2898.5  9592.7  64490.7    64314
read      359.8   458.5    68.9   119.3   139.7   320.3   403.5   449.7   483.0   521.2   568.5   657.1  1043.8  5413.5 27008.3  23735.3    23804
read      368.2   271.4    68.9   119.7   140.6   328.2   410.7   457.5   493.9   539.1   598.9   695.5  1610.9  2782.2  5341.7  66545.3    66356
read      369.3   261.6    68.9   118.3   139.5   333.5   412.3   457.0   493.2   538.2   594.3   688.6  1559.4  2185.7  6127.2  49612.3    49506
read      366.7   271.7    68.9   118.7   139.2   331.3   412.2   457.3   492.2   536.7   592.1   685.6  1492.3  2200.8  7900.3  54591.3    54758
read      377.2   365.9    74.4   121.1   142.7   329.2   412.6   460.0   497.1   542.5   606.3   711.4  1694.7  3224.8  9163.1  72126.0    72283
read      396.7   297.7    68.9   135.9   164.6   353.7   438.1   489.9   529.5   579.7   646.2   757.9  1076.7  3372.7  7921.7  95358.0    95641
read      357.8   345.4    74.4   120.2   140.6   327.6   408.2   454.1   487.0   525.2   572.9   655.3  1043.5  3989.0 12128.2  24310.3    24157
read      337.4   375.8    74.4   124.4   144.4   324.4   389.8   423.1   446.2   472.5   508.0   574.9   831.4  3300.6 15648.7  15157.0    15088
read      375.9   287.4    68.9   123.0   145.0   332.2   418.6   467.3   504.5   549.5   614.7   718.7  1429.2  3210.1  5786.3  73952.3    73735
read      370.1   292.6    68.9   121.4   143.6   328.5   410.6   457.3   493.1   539.3   603.9   707.4  1282.0  3178.1  6889.2  75624.3    75655
read      373.3   345.4    68.9   118.8   139.6   335.6   414.4   459.7   496.1   540.4   597.5   699.7  1467.3  2660.6  7340.9  44665.0    44689
read      379.5   302.9    68.9   120.6   142.4   342.5   423.6   470.9   509.6   557.3   619.9   730.6  1377.3  2232.4 11899.6  37786.0    37890
read      385.6   301.3    68.9   121.7   143.6   346.9   432.0   479.9   517.0   562.2   625.7   734.1  1564.4  2411.8 11352.8  50533.7    50565
read      372.3   284.9    68.9   123.9   146.9   332.2   414.7   463.5   500.5   545.4   609.0   714.4  1115.6  3200.2  6812.0  81532.3    81326
read      374.2   293.4    68.9   122.3   144.4   330.9   414.5   462.0   498.9   545.6   610.8   716.9  1461.3  3281.6  7010.7  75497.3    75641
read      398.9   350.8    68.9   135.5   164.5   355.7   441.2   491.9   529.9   577.0   639.5   756.9  1109.1  3573.9  7701.8  97255.0    97055
read      351.5   315.8    74.4   118.7   138.2   322.7   401.5   449.2   483.5   521.6   571.4   659.1  1051.5  1475.6  7219.0  26138.7    26336
read      373.4   289.2    68.9   120.7   141.7   331.6   417.8   464.4   500.6   545.7   608.3   709.1  1619.8  2614.9  5812.3  63841.7    63820
read      379.5   350.8    68.9   125.1   149.0   334.1   416.9   466.0   502.9   548.8   615.5   722.5  1080.7  3688.0 11485.6  85344.7    85404
read      346.8   245.9    74.4   123.1   144.4   328.8   406.0   445.1   471.8   504.0   545.7   625.8   878.6  2514.5  7143.3  18026.3    18025
read      376.7   319.2    68.9   119.6   140.7   341.9   420.7   467.3   503.7   547.6   608.4   720.7  1440.7  2468.1  5406.4  42066.0    42168
read      364.0   252.6    68.9   119.0   139.9   335.8   410.4   455.5   491.0   534.6   588.4   685.7  1304.0  1805.2  5487.0  37517.0    37351
read      362.8   228.8    74.4   119.6   140.5   336.3   413.7   460.2   495.5   537.7   589.4   680.0  1182.8  1734.4  6740.8  31529.7    31615
read      380.0   326.4    74.4   118.7   140.4   341.3   423.2   468.6   506.3   553.7   616.0   729.1  1522.4  2236.1  9500.4  46394.3    46356
read      350.0   268.1    74.4   119.6   139.9   319.6   399.2   443.8   475.3   511.2   557.3   641.9  1032.1  3383.1  8073.9  24776.7    24714
read      376.7   306.6    74.4   121.3   142.8   332.0   418.6   467.0   503.8   550.8   615.5   721.8  1559.4  2968.8  7796.6  67576.0    67626
read      338.0   275.4    74.4   124.0   144.6   322.7   391.5   426.4   451.3   479.6   515.7   586.2   832.3  4493.4  5873.8  15785.7    15739
read      381.8   305.2    68.9   128.1   152.0   337.2   421.1   470.4   507.7   556.4   624.2   733.5  1131.9  3295.5  6641.1  87529.7    87755
read      338.0   225.6    74.4   126.6   146.7   326.8   392.8   425.0   448.6   476.9   512.5   583.3   813.7  3643.8  7870.7  14452.0    14357
read      383.1   305.5    68.9   122.7   144.4   342.0   427.2   473.1   508.8   554.9   617.2   726.4  1613.0  2257.9  8653.0  51405.3    51514
read      382.3   309.5    68.9   124.8   147.1   334.6   421.0   469.1   507.0   553.5   619.8   724.7  1708.3  3243.8  5732.2  72315.7    72102
read      376.6   273.6    68.9   126.9   150.3   338.2   420.5   468.2   505.2   551.3   617.1   721.4  1022.7  3217.5  6154.6  84942.7    84799
read      353.8   387.2    74.4   121.9   142.2   327.1   408.3   452.0   482.3   516.4   559.2   635.9   977.4  3881.1 11679.2  21053.0    21168
read      365.8   253.8    68.9   119.4   140.5   339.8   418.2   462.5   497.5   540.9   594.6   680.2  1306.1  1928.0  8652.1  44040.7    43828
read      324.8   189.9    74.4   125.7   144.9   315.8   376.8   405.4   426.6   452.8   488.7   547.9   759.4  2561.4  5126.2  13434.0    13381
read      377.8   315.6    68.9   122.0   143.2   333.8   420.9   469.1   506.3   551.6   616.1   721.5  1559.4  3191.2  6460.5  70012.7    70057
read      341.4   237.6    74.4   120.8   140.7   321.1   397.9   437.6   466.6   498.4   537.9   606.9   912.9  2751.4  9529.6  19524.7    19482
read      327.8   237.7    74.4   127.0   146.6   322.8   384.0   413.6   434.2   459.3   491.8   547.9   751.8  1428.1  6949.3  13703.7    13593
read      356.3   244.5    74.4   120.1   141.1   330.2   404.3   450.2   484.6   525.6   576.6   658.2  1148.1  1571.3 11183.9  30834.0    30935
read      368.7   334.0    74.4   121.9   143.5   337.1   417.8   466.2   501.9   542.6   593.2   688.7  1149.7  2092.3 11843.2  27538.7    27564
read      379.7   286.4    68.9   128.5   153.4   337.7   419.7   468.3   506.7   554.1   622.5   728.1  1060.4  3402.2  6816.3  89387.0    89146
read      318.9   249.0    74.4   126.6   146.1   308.0   362.2   389.2   407.6   431.6   463.5   514.7   700.0  5272.8  5971.3  12032.3    12015
read      335.3   239.8    68.9   130.7   153.5   324.9   385.1   415.1   436.5   464.2   499.9   560.0   765.6  3530.8  8971.3  12475.3    12458
read      380.2   249.3    74.4   121.5   144.3   349.6   429.7   474.4   510.3   554.0   613.8   714.6  1450.7  2104.3  5697.0  43108.7    43213
read      371.4   287.7    68.9   122.7   145.4   343.0   418.9   463.5   499.1   541.2   592.8   684.9  1225.0  1886.8 11754.9  34609.3    34454
read      375.0   300.5    74.4   124.4   147.6   331.6   415.0   463.5   500.6   546.5   612.0   718.2  1213.3  3422.0  7776.5  79375.7    79142
read      368.6   279.6    68.9   121.6   142.7   338.2   415.0   459.1   494.2   537.3   592.2   687.0  1401.5  2024.2  8995.0  43755.7    43458
read      376.5   298.3    68.9   123.9   145.5   335.8   421.2   468.1   505.0   551.8   614.5   716.2  1480.6  2821.8  7593.7  65396.3    65461
read      339.7   220.1    74.4   126.3   146.5   326.2   401.0   437.5   463.3   493.4   531.6   591.4   831.3  1467.8  6795.6  17843.0    17883
read      342.6   227.6    74.4   121.6   142.3   317.9   398.8   441.4   471.3   506.5   548.6   626.7   942.5  1456.9  6935.1  21938.0    21816
read      382.7   313.4    74.4   128.7   154.2   338.3   420.7   468.8   506.0   553.1   621.0   730.2  1086.9  3735.3  7285.7  92101.3    92112
read      381.9   295.7    68.9   127.3   151.7   340.0   422.5   471.2   508.5   556.2   621.5   729.7  1081.5  3252.0  7317.8  86522.0    86516
read      378.5   342.6    68.9   125.8   149.8   333.3   415.1   463.4   500.6   547.2   612.5   718.1  1176.0  3690.6 11415.5  85305.3    85434
read      370.4   263.2    74.4   118.9   139.7   340.3   418.9   463.2   498.6   542.2   600.7   695.2  1476.4  2022.4  6293.6  49166.7    49269
read      380.5   309.0    68.9   121.1   143.1   334.4   420.0   466.4   502.4   547.3   613.2   721.3  1730.3  3139.6  7666.0  64725.7    64819
read      372.3   262.5    68.9   119.0   139.9   338.8   418.3   463.6   500.3   545.0   600.4   699.7  1473.2  2360.7  6893.5  45513.3    45466
read      377.4   376.9    68.9   122.0   144.0   330.4   413.7   461.9   499.2   546.1   611.2   714.4  1464.2  3579.1 12093.7  74791.0    74721
read      350.7   409.5    74.4   120.3   141.0   318.6   399.1   441.9   471.4   507.3   550.1   625.4   952.6  4583.4 26085.0  22903.7    22910
read      366.9   273.3    68.9   118.6   139.5   335.5   413.8   457.6   491.3   533.9   590.5   685.3  1448.0  2134.7  7492.3  47716.3    47947
read      379.7   332.4    68.9   120.9   142.8   330.2   414.4   462.3   499.4   546.0   610.4   717.0  1918.4  3209.3  9280.1  69702.0    69579
read      371.2   290.3    68.9   119.2   140.8   333.5   415.8   461.6   497.4   542.3   601.7   691.5  1552.7  2725.6  8459.3  61694.3    61494
read      358.8   239.6    68.9   118.3   138.4   330.1   405.7   453.0   489.7   532.4   584.0   672.8  1175.9  1740.7  6843.4  31875.7    31948
read      374.8   339.7    68.9   118.1   139.1   337.4   415.4   460.7   497.0   541.7   599.1   697.8  1470.9  4108.2  7877.1  43475.7    43538
read      369.5   283.8    68.9   120.0   140.7   327.2   409.1   456.3   491.9   536.6   596.1   694.8  1709.4  2958.1  6225.1  69954.7    70090
read      310.1   289.5    80.4   134.8   159.1   296.9   343.0   368.2   386.4   406.5   435.0   487.5   637.7  3981.8  7406.4   8992.7     9010
read      386.3   276.4    74.4   122.8   145.3   346.5   430.7   480.3   516.9   562.2   624.1   736.6  1606.1  2365.8  6981.9  53193.0    53510
read      377.4   300.9    68.9   126.0   149.4   332.8   415.2   464.1   502.3   548.2   614.5   722.9  1255.5  3217.4  7801.6  84531.3    84446
read      370.1   294.3    68.9   121.5   142.7   329.9   414.0   460.5   497.0   542.8   603.1   695.5  1425.5  3002.4  9297.4  70384.7    70319
read      371.3   287.3    68.9   118.4   139.6   332.6   415.3   459.3   494.4   539.1   597.2   694.0  1638.2  2345.6  6754.9  55823.7    55737

Total QPS = 52028.9 (93651952 / 1800.0s)

Total connections = 64
Misses = 0 (0.0%)
Skipped TXs = 0 (0.0%)

RX 23132032638 bytes :   12.3 MB/s
TX          0 bytes :    0.0 MB/s
Warning! Detected max cpu usage > 95%
CPU Usage Stats (avg/min/max): 99.98%,45.50%,100.00%
