Random waveform, supplied seed
Total number of intervals = 600 (5031, 54838, 74868, 30015, 40743, 23648, 97712, 53672, 55395, 29425, 15173, 82475, 90555, 47944, 28313, 28504, 22886, 35717, 14828, 81704, 55771, 85226, 75020, 12441, 56208, 17446, 86943, 49138, 49839, 47752, 27181, 6170, 7187, 99387, 91970, 79658, 59230, 78081, 64242, 37702, 40686, 30376, 38416, 65892, 39560, 10016, 55224, 19982, 48114, 36283, 23315, 11150, 98724, 56880, 13467, 99368, 46206, 71651, 22741, 56654, 99570, 23047, 70008, 42943, 46704, 75970, 21917, 82027, 81583, 14259, 7821, 17727, 65559, 41133, 28693, 53141, 54512, 14835, 98446, 38117, 77994, 30209, 68315, 91940, 49308, 46880, 92540, 49396, 97841, 35404, 80451, 87228, 75554, 57964, 83546, 55468, 34203, 37629, 34577, 47426, 58845, 66993, 10977, 51529, 48344, 5902, 71602, 41886, 47456, 93939, 16890, 45689, 32790, 44044, 28149, 39739, 72475, 93882, 6692, 50406, 83055, 55609, 16968, 43031, 17236, 82183, 42212, 12244, 61777, 36984, 29093, 41715, 34838, 63574, 24401, 32025, 98971, 23657, 67877, 53849, 79536, 17081, 39024, 26125, 33388, 20979, 95865, 73949, 60987, 54175, 51484, 39771, 32864, 42033, 43808, 45785, 35582, 38504, 15320, 74264, 43890, 5962, 38365, 55971, 23217, 87681, 91728, 96668, 80475, 27150, 53444, 23737, 87776, 82175, 98548, 37704, 64701, 69089, 89785, 16676, 69604, 99682, 97693, 17381, 40069, 8841, 56576, 21599, 53003, 19831, 80340, 28765, 25572, 37071, 75819, 44359, 95960, 59630, 47930, 65545, 94038, 51806, 48712, 13115, 76569, 19372, 59331, 62597, 37702, 41975, 26100, 82500, 50756, 66696, 53364, 10413, 64876, 69079, 19447, 81182, 25265, 9699, 48659, 75126, 96559, 55885, 9039, 66378, 41225, 52371, 39873, 41176, 85357, 85391, 91890, 57558, 9972, 74636, 29773, 63494, 7201, 49507, 65454, 88537, 36982, 88964, 96479, 47883, 50650, 89242, 7374, 8507, 50676, 57069, 43520, 56720, 68155, 60444, 63997, 17315, 78596, 81548, 97254, 46135, 13379, 46993, 98274, 97056, 43434, 36406, 99121, 80708, 40517, 34168, 11754, 93304, 64697, 92626, 75618, 85805, 18930, 50153, 10377, 33112, 28777, 45709, 74458, 73596, 28031, 45754, 80138, 64350, 51870, 81106, 82064, 30534, 25449, 67525, 27070, 41133, 28009, 64235, 16387, 62388, 40199, 16884, 55763, 41925, 42341, 93577, 7657, 14232, 30107, 71078, 85372, 54930, 5750, 80137, 41449, 17301, 19930, 41776, 8596, 30870, 69978, 23908, 9848, 71598, 77156, 14083, 87786, 57205, 53142, 77998, 98830, 32447, 74382, 32271, 55273, 68152, 25419, 43187, 60608, 62150, 30864, 69566, 38183, 51253, 53027, 37133, 73413, 78811, 88317, 46504, 46147, 35073, 18693, 46834, 76427, 96007, 83666, 64655, 54099, 5485, 94089, 57214, 23788, 75649, 39466, 47463, 19155, 18449, 35235, 93118, 76391, 70733, 74230, 37188, 48862, 59325, 66219, 25760, 75255, 67915, 23004, 21973, 82811, 38870, 85697, 94176, 89142, 39251, 36339, 30304, 58303, 78732, 81734, 85654, 40030, 11145, 24220, 36178, 69625, 80189, 64261, 78356, 30570, 63922, 82549, 7574, 42298, 39152, 88634, 60765, 30534, 35563, 96837, 74496, 42819, 50120, 16904, 11439, 24076, 84757, 76496, 34744, 5910, 6391, 25594, 30327, 62849, 91392, 44328, 47665, 79152, 11613, 96212, 27129, 86430, 58712, 23931, 8445, 55537, 54706, 51997, 18803, 88693, 91224, 76765, 80364, 54372, 32473, 25920, 11574, 99135, 24026, 92271, 88470, 58597, 83103, 19062, 72681, 30900, 94867, 22477, 97890, 11845, 95363, 90122, 81157, 78569, 97434, 29257, 42139, 21444, 18314, 49203, 87787, 77490, 16464, 23314, 88655, 28245, 40610, 77039, 35056, 26782, 53121, 15035, 33766, 99826, 49516, 25895, 64849, 79516, 55109, 69984, 34454, 64785, 43963, 90279, 62151, 46958, 82432, 45518, 97055, 28977, 72436, 5078, 81357, 28531, 87140, 36881, 12972, 41961, 76602, 93251, 35269, 86366, 29241, 57116, 81511, 45059, 75774, 61736, 8949, 66290, 82937, 74263, 25664, 64314, 23804, 66356, 49506, 54758, 72283, 95641, 24157, 15088, 73735, 75655, 44689, 37890, 50565, 81326, 75641, 97055, 26336, 63820, 85404, 18025, 42168, 37351, 31615, 46356, 24714, 67626, 15739, 87755, 14357, 51514, 72102, 84799, 21168, 43828, 13381, 70057, 19482, 13593, 30935, 27564, 89146, 12015, 12458, 43213, 34454, 79142, 43458, 65461, 17883, 21816, 92112, 86516, 85434, 49269, 64819, 45466, 74721, 22910, 47947, 69579, 61494, 31948, 43538, 70090, 9010, 53510, 84446, 70319, 55737)
Average QPS expected = 52043
Timestamp start: 1622178141095
Timestamp end: 1622179941742

#type       avg     std     min      p5     p10     p50     p67     p75     p80     p85     p90     p95     p99    p999   p9999      QPS   target
read      589.3  1778.1    80.4   159.1   200.1   322.6   380.9   416.9   445.6   492.0   615.3  1977.0  4651.4 31174.1 33189.2   4963.0     5031
read      692.0  1701.7    68.9   125.4   149.6   356.8   456.0   531.5   606.2   758.7  1413.5  2128.1  7282.9 29507.1 37903.7  54725.0    54838
read      784.2  2298.7    74.4   171.5   235.3   439.0   526.3   589.3   641.0   715.7   824.3  1007.6 12581.6 31521.8 40092.0  74920.7    74868
read      702.9  1494.6    74.4   129.7   157.2   400.6   534.6   636.2   744.1   997.6  1381.4  2084.5  5484.8 29396.4 38982.9  29769.3    30015
read      547.1   870.4    74.4   120.7   142.8   360.2   456.3   526.0   588.8   691.2  1281.9  1766.6  3562.9  7855.2 31615.4  40498.7    40743
read      552.6  1154.2    74.4   123.1   144.6   350.0   485.7   593.4   759.3   921.1  1058.9  1240.8  3083.3 14868.9 36856.3  23581.3    23648
read      778.0   878.4    80.4   389.7   419.4   533.2   614.2   879.5   981.3  1087.8  1567.2  1874.5  2839.8 12638.1 31656.2  97621.3    97712
read      471.8   570.8    74.4   130.8   158.3   400.7   491.4   538.8   577.5   631.8   725.1   969.7  2284.8  5952.9 24426.9  53648.0    53672
read      512.4  1024.1    74.4   130.2   155.2   379.1   471.3   527.0   571.1   630.4   721.5  1013.4  3116.5 13670.4 32359.5  55326.7    55395
read      501.2   562.6    74.4   123.8   145.9   360.0   472.1   566.1   650.1   885.8  1139.2  1351.2  2022.4  4523.0 19866.9  29428.3    29425
read      514.5   853.1    80.4   126.6   152.5   381.2   544.9   662.7   729.1   796.3   872.7  1014.6  2366.6  9287.7 38986.2  15260.7    15173
read      876.9   889.4    86.8   375.0   397.6   540.4   833.6  1077.0  1515.6  1627.8  1767.3  2040.5  3036.4  9087.8 31158.9  82783.0    82475
read      565.8   848.2    74.4   203.1   274.3   485.5   544.0   591.9   653.4   761.5   884.6   999.7  1370.2 13270.6 32369.6  90909.3    90555
read      441.7   587.7    74.4   123.0   145.8   362.1   449.4   500.9   543.4   597.2   673.9   878.9  2189.1  6435.2 29045.6  48127.3    47944
read      546.1   942.9    74.4   123.0   145.7   359.7   477.7   573.2   673.0   937.8  1154.9  1385.3  3043.8 10260.2 32189.0  28263.3    28313
read      598.0  1211.8    74.4   118.9   139.7   351.8   482.2   605.7   887.3  1143.3  1312.8  1529.6  3202.6 19736.4 34768.1  28501.7    28504
read      575.3  1017.8    74.4   125.9   148.4   366.3   548.1   743.4   871.7   977.7  1086.9  1247.8  2995.8 12377.7 31997.2  22708.0    22886
read      511.4   793.6    68.9   125.0   146.8   365.5   464.2   538.1   601.5   699.1  1049.5  1475.3  2354.7 11314.9 31433.0  35666.0    35717
read      638.6  1688.7    74.4   127.1   152.7   380.4   525.8   643.8   716.2   789.1   877.8  1080.1  6186.0 30721.0 37108.3  14732.3    14828
read      660.6  1120.0    74.4   170.5   235.3   468.5   535.6   593.9   701.7   853.1  1009.2  1730.2  3948.4 14008.2 33839.0  81613.7    81704
read      439.8   664.7    74.4   122.9   145.8   361.5   450.2   499.6   540.0   592.1   664.7   814.3  2147.7  8500.0 30875.2  55453.7    55771
read      518.4   849.8    74.4   147.1   186.2   431.8   530.2   583.9   624.2   675.2   760.1   984.0  2411.2 11958.2 32266.4  85340.7    85226
read      480.4   798.0    74.4   131.5   160.8   383.9   472.8   527.9   572.0   631.4   716.8   913.7  2664.1 11193.3 31771.0  75013.3    75020
read      456.5   923.7    74.4   123.0   147.2   347.7   447.8   522.3   580.8   644.5   716.4   821.0  2190.9 10646.2 32386.1  12484.3    12441
read      517.0   691.9    74.4   126.4   151.4   357.2   454.1   520.2   581.4   675.5  1005.7  1757.2  2746.5  5600.7 25012.7  56143.3    56208
read      590.7  1372.0    74.4   123.2   147.7   364.5   507.2   631.3   739.9   838.9   948.9  1155.1  4526.5 23646.9 35523.6  17643.0    17446
read      784.1   765.4    80.4   362.8   397.9   527.8   638.3   886.7   998.8  1416.1  1675.5  1957.5  2883.9  6625.4 29790.8  86782.3    86943
read      465.0   819.1    74.4   124.0   147.4   367.7   455.8   508.9   552.5   606.6   682.0   873.3  2488.6  8771.9 31633.0  49091.0    49138
read      453.2   710.1    74.4   122.8   146.2   361.1   447.0   496.3   537.9   591.7   668.4   876.3  2493.0  8410.7 31057.1  49722.0    49839
read      456.6   783.7    74.4   122.8   144.8   361.2   448.4   497.7   537.7   592.0   669.6   880.0  2395.0  9864.0 31418.2  47544.7    47752
read      516.8  1021.7    74.4   121.8   143.8   348.1   463.0   550.6   636.1   827.0  1044.6  1246.6  2112.0 11612.3 36964.9  27160.3    27181
read      604.8  2179.8    80.4   139.8   182.7   314.1   384.4   423.9   451.9   486.3   538.8   741.4  7594.5 31839.1 37069.2   6171.0     6170
read      695.4  2390.2    80.4   135.1   175.5   333.1   415.9   463.8   499.6   543.8   610.1  1055.0 11884.6 31700.9 39215.6   7189.7     7187
read      770.0   940.9    80.4   378.3   407.7   527.0   614.0   848.4   955.0  1058.2  1533.5  1870.8  2851.8 14199.1 31471.9  99082.0    99387
read      586.4   625.9    80.4   243.5   326.5   510.3   573.6   628.7   698.4   821.6   937.5  1052.6  1366.0  7412.4 29699.2  92032.7    91970
read      472.0   607.3    74.4   143.2   180.8   417.1   496.6   542.5   582.3   639.3   736.9   902.7  1570.3  7051.8 29260.7  79716.3    79658
read      463.9   639.0    68.9   126.4   150.0   366.9   459.1   509.8   551.6   610.9   692.3   953.8  2727.4  7313.5 28073.0  59386.0    59230
read      478.4   763.7    74.4   136.5   168.5   393.3   480.7   533.1   574.7   631.4   719.4   883.5  2717.4  8413.6 31523.8  78135.0    78081
read      468.8   712.6    74.4   125.6   151.3   373.5   467.7   519.4   559.6   614.6   692.5   931.5  2621.4  8960.0 28840.9  64276.7    64242
read      452.2   822.9    74.4   121.2   143.3   361.8   444.9   496.1   539.4   592.4   668.7   907.0  2061.1 11506.6 31938.3  37746.0    37702
read      438.3   631.5    74.4   120.4   142.7   363.6   445.9   496.7   539.1   592.1   669.5   908.5  1917.4  7290.8 25727.7  40635.0    40686
read      503.8   582.0    74.4   121.1   143.4   352.4   465.8   559.6   644.3   886.2  1134.6  1369.1  2164.1  6988.1 15518.4  30396.3    30376
read      485.5   596.1    74.4   118.5   139.8   348.7   438.3   506.9   569.7   662.4  1147.2  1560.0  2068.2  5357.8 14994.9  38551.7    38416
read      459.4   765.8    74.4   127.9   152.8   363.9   450.1   501.9   543.8   597.8   675.0   836.9  2643.8 10197.3 31429.7  65736.3    65892
read      436.5   601.2    74.4   120.3   141.8   357.3   436.5   487.5   531.1   587.2   665.4   988.9  1947.1  9735.8 15923.9  39540.0    39560
read      669.0  2325.0    80.4   127.5   151.4   346.6   428.3   485.9   534.1   590.7   662.0   805.5 10770.5 31934.4 37410.1   9985.3    10016
read      697.0  1275.9    74.4   135.5   169.0   409.2   521.2   628.9   778.3  1345.4  1674.6  2048.4  3315.6 18363.5 35221.9  55077.0    55224
read      512.2   999.4    74.4   121.3   143.6   350.3   473.0   562.1   658.8   796.9   924.9  1101.4  2927.4 11575.2 39463.9  19977.7    19982
read      509.2   624.6    74.4   123.4   146.6   356.1   453.9   518.8   578.4   675.4  1089.4  1714.1  2487.4  6438.5 18417.4  47995.0    48114
read      443.2   744.2    74.4   120.9   141.7   356.6   436.2   489.1   533.8   588.7   662.7   956.3  1989.6  7853.2 31623.6  36166.7    36283
read      504.0   889.4    74.4   120.1   142.4   346.1   474.6   567.2   673.9   851.3   995.7  1166.4  2323.2 14269.2 32135.5  23227.3    23315
read      486.2   958.3    80.4   124.4   149.9   356.5   479.5   553.2   599.7   644.8   705.9   813.8  3480.2 11684.3 32202.8  11114.3    11150
read      722.6   928.2    80.4   382.1   412.2   523.9   585.9   713.2   886.3   983.1  1091.0  1659.8  2826.5 11910.5 31978.8  98297.0    98724
read      468.0   578.1    74.4   129.1   156.2   389.4   478.7   531.6   576.3   638.2   730.4   948.9  2422.0  5941.7 27856.1  56803.0    56880
read      470.4   919.3    74.4   127.1   150.2   353.3   452.2   519.8   577.5   655.5   747.9   889.0  2901.2 13222.5 32332.8  13443.0    13467
read      754.0   765.1    86.8   390.8   425.5   556.5   648.5   803.4   948.6  1054.0  1271.5  1701.6  2744.4  9953.9 30678.0  99402.7    99368
read      485.3   790.0    74.4   129.0   156.1   398.9   489.6   541.2   584.2   641.6   727.4   943.3  2503.3  7934.6 31962.9  46404.0    46206
read      465.3   713.0    74.4   129.8   156.8   372.5   461.5   513.6   557.1   617.0   705.0   901.3  2640.6  7444.2 30900.8  71590.3    71651
read      523.8   996.2    74.4   120.7   143.1   346.8   477.6   575.5   697.9   871.6  1009.3  1187.5  2842.8 13127.9 32373.0  22733.7    22741
read      617.2   877.5    74.4   134.4   165.5   397.0   504.0   591.6   681.0   902.8  1564.7  1976.0  3004.0  9111.8 31402.0  56809.3    56654
read      501.6   681.4    74.4   171.5   223.0   447.4   512.4   549.8   588.6   656.7   783.1   942.0  1228.8  9368.7 31489.2  99677.7    99570
read      465.1   496.7    74.4   120.5   141.9   343.5   470.0   561.0   663.9   837.3   980.7  1147.4  1564.3  4111.2 13451.7  23209.0    23047
read      791.1   865.9    68.9   177.8   255.7   474.7   634.2   922.4  1505.0  1629.9  1771.3  2059.6  3012.5  9586.0 29016.4  69800.3    70008
read      423.5   513.6    74.4   119.2   140.6   354.8   433.8   482.4   524.7   578.4   650.5   881.3  1910.4  5619.0 16139.0  42903.7    42943
read      426.2   552.2    74.4   119.5   141.2   354.8   438.3   486.8   526.4   579.1   651.6   833.9  1993.3  6317.0 27138.6  46943.7    46704
read      477.1   763.7    74.4   132.8   163.0   385.7   476.1   527.3   568.1   623.8   708.3   893.9  2798.9 10233.2 31483.7  76069.3    75970
read      520.9   960.8    74.4   123.3   146.2   358.2   480.4   564.7   647.5   810.7   975.0  1170.0  2821.5 12328.1 32452.3  21890.7    21917
read      738.1   954.4    74.4   245.7   325.1   505.2   637.6   755.5   864.1  1017.7  1499.9  1998.2  3251.7 13126.3 31995.2  82037.3    82027
read      469.4   779.2    74.4   135.3   166.4   386.4   469.3   516.7   555.4   612.2   697.1   862.9  2717.9 11472.9 31320.0  81648.0    81583
read      547.6  1362.8    74.4   127.2   149.2   361.3   458.5   528.0   593.7   688.6   804.6  1020.0  4032.3 21535.3 37060.6  14154.7    14259
read      685.0  2399.7    80.4   134.0   169.3   340.5   428.8   478.6   514.5   558.8   622.3   827.1  9885.4 32270.1 37271.9   7880.7     7821
read      567.0  1044.3    74.4   126.7   151.0   377.8   551.0   697.7   780.5   856.6   945.3  1106.2  3728.8 10781.3 35449.2  17700.7    17727
read      774.2  1315.2    74.4   154.7   209.5   444.3   556.1   720.4   857.4  1452.7  1735.3  2231.7  4489.9 17270.2 35773.3  65414.7    65559
read      451.9   694.8    74.4   123.4   146.2   366.6   452.8   506.6   550.3   606.2   677.4   892.9  2252.1  7573.0 31088.7  41139.0    41133
read      521.7   795.5    74.4   122.1   144.4   354.1   471.1   562.2   650.0   896.0  1124.9  1332.2  2664.1  9022.3 31489.8  28587.0    28693
read      507.9   887.3    74.4   123.8   147.7   364.8   454.3   508.4   556.9   627.4   740.3  1586.0  2941.4 10928.0 31926.7  53121.7    53141
read      451.1   600.2    74.4   125.4   148.8   367.9   458.9   509.9   551.8   609.5   683.9   893.4  2313.4  6314.4 30196.7  54857.7    54512
read      488.7   927.4    74.4   124.3   147.9   359.7   474.7   564.8   637.1   718.7   810.3   957.1  2874.1 10271.3 36947.9  14873.3    14835
read      801.2   888.0    86.8   377.4   409.1   537.5   634.7   878.2   991.3  1129.2  1595.0  1997.4  3584.0  8971.8 31246.4  98344.3    98446
read      456.6   772.0    74.4   125.6   150.3   380.8   471.1   523.7   562.6   614.1   691.9   912.3  1828.3  8745.6 32093.6  38229.0    38117
read      480.0   845.6    74.4   135.1   165.8   392.2   481.5   532.1   572.9   628.4   712.2   888.8  2815.3 11336.1 31815.5  78241.0    77994
read      530.2   965.9    74.4   122.2   143.6   349.8   455.9   537.6   605.6   758.0  1085.7  1346.8  3460.2 10308.6 32168.7  30220.3    30209
read      678.7  1158.2    74.4   142.6   185.0   428.5   523.2   606.6   712.8   861.3  1523.0  2024.0  4670.1 12538.4 32500.0  68378.0    68315
read      506.6   742.1    74.4   150.6   192.2   423.8   519.4   583.0   631.3   688.6   771.8   939.9  2296.3  9192.1 31421.8  92142.7    91940
read      446.3   696.6    74.4   122.9   145.3   363.1   451.0   501.4   542.3   596.1   671.4   872.2  2158.8  7649.6 31458.2  49057.7    49308
read      459.9   798.3    74.4   122.5   145.0   364.1   453.5   506.2   549.8   605.5   681.7   968.5  2142.0 11297.4 31602.8  46678.3    46880
read      492.1   501.6    74.4   151.7   192.8   427.0   522.3   583.0   626.7   680.4   768.3   979.0  1763.7  4965.9 16540.5  92386.7    92540
read      445.5   666.5    74.4   123.1   145.5   359.3   445.7   496.1   537.7   590.8   666.5   871.8  2123.8  8019.8 30714.7  49214.7    49396
read      555.4   887.9    74.4   191.9   252.1   460.6   533.4   592.3   650.5   732.2   836.7   968.0  1447.0 12765.7 31679.0  97705.0    97841
read      444.3   750.7    68.9   122.3   144.0   358.3   441.8   496.6   541.4   594.9   670.8   954.6  1880.0  9311.9 31758.3  35432.3    35404
read      467.1   629.1    74.4   136.9   166.9   386.9   480.2   535.0   577.6   631.2   710.2   890.6  2542.9  6645.5 30823.3  80601.7    80451
read      463.9   628.3    74.4   139.1   173.0   392.8   478.4   528.6   569.1   624.7   708.1   871.5  2367.4  6864.6 30446.9  87024.0    87228
read      464.2   770.2    80.4   132.1   160.0   373.2   459.5   508.9   549.9   608.0   694.4   865.8  2585.3 10169.3 31750.0  75587.7    75554
read      458.4   728.3    74.4   125.3   149.0   360.6   449.3   500.1   541.9   597.9   677.3   911.4  2451.7  9656.6 30642.9  57996.0    57964
read      489.5   748.7    74.4   144.2   179.6   410.0   498.0   547.1   588.2   646.3   739.2   919.3  2595.2 10811.3 31719.0  83414.3    83546
read      491.7  1080.9    74.4   126.4   150.4   371.7   459.4   509.1   550.2   610.3   691.5   888.7  2729.9 18438.7 32168.1  55622.3    55468
read      432.3   517.4    74.4   121.7   144.0   363.3   446.3   502.1   547.7   602.5   675.9   923.2  1708.5  6447.0 13848.8  34304.3    34203
read      449.0   688.5    68.9   123.7   145.7   362.6   449.2   505.1   550.7   608.9   689.2  1078.7  1912.8  7698.9 31487.8  37673.3    37629
read      456.9   715.0    74.4   122.7   144.8   362.9   449.8   510.5   559.3   619.7   707.8  1114.4  1939.4  9547.3 31326.0  34814.0    34577
read      485.4   983.4    74.4   124.4   147.5   370.1   459.6   514.5   558.9   616.7   698.5  1009.0  2511.9 12851.7 32441.5  47223.3    47426
read      442.2   553.6    74.4   124.7   147.9   358.1   448.3   500.1   544.0   600.2   677.7   914.3  2224.2  5447.3 17434.6  58775.0    58845
read      459.4   724.0    74.4   125.7   149.9   361.3   449.7   502.9   544.9   602.4   683.6   865.9  2795.1  7987.9 31478.1  66756.0    66993
read      543.2  1523.4    74.4   126.0   149.2   348.7   442.8   508.4   561.0   623.5   711.1   892.7  5223.5 29503.8 34317.0  11036.7    10977
read      598.6  1165.8    74.4   124.7   149.4   365.6   461.5   535.3   608.6   762.1  1484.5  1962.5  3249.4 14948.9 32508.5  51499.0    51529
read      421.8   389.6    74.4   121.9   143.9   359.7   447.1   497.7   539.2   592.2   663.0   841.6  2005.6  3969.2  8915.7  48216.7    48344
read      579.5  2163.0    86.8   143.6   182.7   302.3   362.2   399.8   429.4   467.8   534.0   928.7  6532.6 32330.3 43600.0   5939.0     5902
read      890.2  1200.1    80.4   289.8   360.5   528.9   769.3  1028.9  1511.0  1641.5  1808.4  2104.4  3729.0 19955.1 32348.0  71296.3    71602
read      472.3   905.3    68.9   123.2   145.5   364.2   451.4   505.7   550.1   609.4   688.6  1039.6  2420.5 11413.0 34628.4  41913.0    41886
read      440.6   684.4    74.4   121.5   143.3   357.9   444.1   494.4   536.5   590.5   666.0   914.9  2050.8  6790.8 31724.7  47714.3    47456
read      526.2   712.2    74.4   165.0   215.8   453.8   530.2   580.3   629.0   702.9   818.3  1000.0  1890.9  8682.5 31244.5  94158.7    93939
read      468.3   963.4    80.4   121.0   142.3   340.8   445.0   507.3   563.2   654.5   783.4   954.2  2380.5 12780.6 35913.8  16793.3    16890
read      535.1   891.8    74.4   121.8   145.4   361.8   459.4   529.7   590.5   685.5  1125.0  1716.2  2803.6 10658.9 35194.7  45773.0    45689
read      508.5   829.1    74.4   122.9   144.5   353.1   454.0   530.1   592.9   708.7  1074.7  1388.4  2567.6  9699.7 31743.9  32766.7    32790
read      519.9   912.9    74.4   121.9   144.1   358.7   453.1   517.8   574.4   655.9   925.6  1606.5  2655.2 10694.4 31880.4  44082.7    44044
read      523.6   960.9    74.4   124.7   145.9   356.7   468.4   552.2   623.3   759.5  1048.7  1305.7  2868.3 12704.2 32316.6  28218.0    28149
read      499.9   750.9    74.4   125.0   147.9   363.3   460.7   529.3   588.8   673.4   916.9  1467.8  2496.4  8271.8 31477.3  39981.7    39739
read      476.3   812.3    74.4   131.4   159.1   381.2   471.2   523.5   564.9   622.2   707.6   872.1  2896.3  9615.6 31783.3  72541.0    72475
read      500.8   631.5    74.4   158.0   201.6   429.8   509.2   559.2   603.2   669.5   777.4   950.4  2484.8  7600.9 30462.9  94189.3    93882
read      520.0  1898.9    80.4   138.9   172.7   307.6   360.9   394.3   420.6   455.2   506.6   621.7  6035.7 31640.9 37230.2   6700.0     6692
read      561.6  1171.6    74.4   126.1   150.2   365.4   457.8   521.9   577.9   662.6   884.7  1743.5  3300.8 16139.4 32394.8  50206.3    50406
read      480.1   717.7    74.4   141.9   175.9   399.1   489.5   543.0   587.8   648.8   732.5   906.5  2262.3  8020.9 31437.6  83275.3    83055
read      456.1   644.9    74.4   126.6   149.9   360.1   450.6   503.0   547.8   606.4   686.6  1011.4  2389.1  7073.5 30656.1  55776.7    55609
read      550.3  1120.7    74.4   126.2   148.8   368.6   499.8   599.9   695.5   795.7   902.1  1094.9  3721.8 12118.1 35071.6  16946.3    16968
read      513.8   728.7    74.4   123.4   146.4   355.0   452.6   526.0   596.2   721.1  1222.9  1619.9  2191.1  7478.5 31341.2  43034.7    43031
read      489.7   924.2    74.4   123.6   145.7   353.6   481.9   574.0   668.6   769.6   868.9  1006.5  2262.3 12856.8 36801.8  17370.3    17236
read      788.8  1025.5    80.4   274.7   348.7   509.3   633.2   856.8  1014.2  1505.5  1680.6  1959.8  2945.0 13084.0 31546.7  82310.3    82183
read      451.3   873.0    74.4   122.1   143.5   354.4   436.2   488.4   531.7   586.7   663.0   927.6  1998.5 11892.9 32090.4  42274.0    42212
read      461.7   794.2    80.4   126.8   149.9   360.1   465.2   537.7   594.2   661.6   739.4   866.1  2212.5  9408.3 38400.8  12313.0    12244
read      637.3   773.6    68.9   142.8   178.8   411.1   518.8   627.4   741.8  1038.0  1597.5  2054.2  3013.2  6345.0 30276.6  62197.0    61777
read      455.5   783.1    74.4   122.2   144.5   360.1   442.6   496.9   542.0   597.0   672.4   994.0  2235.3  9806.0 31595.6  36982.7    36984
read      472.5   444.4    74.4   121.0   142.4   341.5   447.8   535.4   616.1   844.4  1090.2  1290.9  1806.4  3737.7  7933.6  29017.0    29093
read      504.4   695.7    74.4   121.8   143.3   348.8   439.1   509.6   575.6   676.0  1201.4  1621.3  2428.4  6120.4 30586.8  41514.0    41715
read      445.8   782.0    74.4   122.1   143.5   360.0   443.2   497.8   542.0   594.3   667.5   912.3  2025.9  9362.7 32107.6  34736.7    34838
read      450.4   680.9    74.4   127.3   151.2   362.5   454.5   505.4   546.3   601.1   677.9   840.5  2467.2  8940.3 30260.2  63653.7    63574
read      530.3   957.1    74.4   125.2   147.3   365.0   493.5   582.1   670.2   860.7  1052.6  1252.6  2311.1 10124.6 32385.6  24413.0    24401
read      620.8  1070.8    74.4   123.6   146.5   360.1   494.7   623.3   902.0  1171.0  1359.4  1604.6  4104.0 12397.6 35481.6  32028.3    32025
read      704.6   568.4    74.4   355.6   400.6   530.1   597.2   776.4   921.0  1014.6  1176.7  1701.9  2369.6  5336.4 17762.9  98641.0    98971
read      555.6  1079.4    80.4   124.2   146.5   361.1   481.8   568.3   657.6   851.2  1069.7  1304.9  3654.5 12807.1 32408.8  23833.7    23657
read      711.2   948.5    74.4   149.1   198.8   460.0   570.4   705.4   878.9  1449.8  1693.4  2011.3  3042.6 11556.7 31483.2  67902.3    67877
read      457.2   609.5    74.4   124.7   148.7   367.3   458.3   511.3   554.3   612.6   690.9   976.9  2415.5  6728.4 27512.5  53933.3    53849
read      448.9   660.5    74.4   131.0   158.8   365.7   449.0   498.6   538.5   594.5   681.1   834.7  2600.8  8767.2 28732.0  79533.0    79536
read      420.7   420.4    80.4   122.2   144.4   343.7   447.2   509.6   564.3   648.6   770.3   921.1  1490.0  5185.3 14946.3  17021.3    17081
read      509.6   845.3    74.4   122.7   145.4   360.1   457.6   530.8   594.3   687.1  1038.2  1474.5  2340.3 11560.8 31436.1  38927.7    39024
read      509.8   954.7    74.4   120.8   142.3   344.1   455.5   538.0   606.7   760.0   995.6  1232.5  2933.4 10172.7 32400.2  26079.7    26125
read      581.5   941.5    74.4   122.5   144.8   351.1   478.5   610.0   870.9  1134.6  1311.4  1528.1  3224.4 10302.8 31819.7  33140.3    33388
read      670.5  1565.8    74.4   122.7   147.2   369.7   555.9   746.0   852.5   952.0  1072.2  1357.2  5916.7 28564.1 36077.3  21025.7    20979
read     3415.3 65861.1    86.8   374.9   394.8   805.8  1629.2  1731.7  1841.1  1959.1  2089.7  2317.6  3445.9 1802633.1 2177716.8  95847.3    95865
read     1203.5  1878.2   118.1   376.0   396.0   665.9  1582.1  1705.2  1811.2  1945.2  2097.4  2375.2  3973.8 29870.2 42262.8  74138.7    73949
read     1167.5  1084.8   137.8   379.5   400.3   806.1  1602.6  1725.5  1831.2  1952.9  2090.1  2321.3  3360.6 12497.6 30906.8  61424.0    60987
read     1365.4  6983.6   109.4   377.5   402.4   653.1  1508.5  1691.1  1828.7  2046.4  2489.3  4115.3  7708.4 23256.8 45763.4  54312.0    54175
read      893.2  2554.1   118.1   387.4   423.3   545.4   641.4   837.5   961.7  1073.2  1470.1  2376.1  5813.8 17109.0 33218.0  51555.7    51484
read     1228.9 15762.2    93.8   281.6   345.9   505.9   559.5   605.2   671.7   822.8   951.6  1084.3 22734.3 37845.5 829494.6  39818.7    39771
read      533.1   989.0    74.4   174.1   219.4   459.3   526.9   573.2   625.0   720.5   859.4   989.0  1282.0 16136.6 32412.6  32998.3    32864
read      447.2   703.6    74.4   122.1   142.8   366.3   460.0   516.1   561.2   621.9   710.0   917.0  1838.1  7468.8 30693.5  42127.7    42033
read      447.0   646.6    74.4   122.0   144.4   362.1   446.9   498.6   541.1   597.8   677.3  1008.8  2110.6  7475.6 29707.9  43941.7    43808
read      456.8   788.2    74.4   122.9   145.4   364.3   451.1   503.5   548.0   604.2   681.6   950.2  2033.1 11042.9 31616.0  45567.7    45785
read      449.5   670.9    74.4   122.5   144.9   365.0   449.2   505.1   550.9   609.2   685.3  1067.5  2158.7  5996.1 32196.5  35600.3    35582
read      456.4   703.6    74.4   123.1   146.0   370.4   455.9   512.4   560.8   622.7   706.3  1072.8  1880.7  7826.4 32014.6  38460.7    38504
read      472.6   756.7    80.4   124.1   147.6   361.2   476.7   559.5   636.7   726.8   822.1   952.8  2469.9  8276.2 36072.7  15474.0    15320
read      732.2   821.0    74.4   171.5   241.2   465.3   599.4   805.4  1081.0  1544.0  1689.3  1958.1  2703.1  7708.5 29857.2  74238.7    74264
read      463.6   772.7    74.4   122.9   145.6   367.8   454.6   508.0   552.5   613.0   694.2  1005.6  2215.3  9368.3 32208.0  44104.7    43890
read      443.7  1441.8    93.8   144.2   185.2   305.3   362.6   397.2   422.9   454.0   497.8   581.6  2939.1 30253.8 32781.7   6007.0     5962
read      477.6   684.8    74.4   121.9   143.7   351.5   441.4   504.2   557.5   630.2   840.2  1485.3  2077.7  7537.1 30393.6  38322.0    38365
read      476.1   960.6    74.4   125.5   149.2   368.0   458.5   512.0   556.7   615.1   693.3   921.1  2357.4 12975.2 35308.4  56234.3    55971
read      463.7   708.7    74.4   120.1   141.2   341.9   453.4   527.9   590.5   710.6   900.7  1095.6  1899.5  7834.5 31353.8  23049.7    23217
read      697.3   671.3    74.4   264.0   348.7   502.6   577.9   748.2   898.7  1016.1  1525.1  1818.0  2604.4  6318.3 26061.8  87646.7    87681
read      514.6   571.6    74.4   157.2   201.9   457.0   565.2   617.6   652.8   696.6   778.1  1019.2  1460.3  7167.0 28456.3  91538.0    91728
read      539.4   838.6    74.4   172.5   225.9   461.0   528.3   574.4   619.9   700.8   835.2   984.3  1503.7 12719.9 31707.1  96468.7    96668
read      470.6   835.7    74.4   135.2   164.8   381.5   468.5   520.2   559.0   613.0   691.4   859.1  2343.6 12936.1 31659.5  80424.0    80475
read      478.4   686.9    74.4   123.9   145.4   354.6   457.6   529.3   587.3   678.5   952.0  1246.9  1923.9  8004.2 30736.4  27209.3    27150
read      506.4   858.6    74.4   120.8   144.0   351.1   442.5   499.2   548.7   621.1   767.3  1744.4  2803.1  8084.8 35338.8  53387.7    53444
read      462.3   625.8    74.4   120.5   141.7   343.3   451.6   527.6   587.9   719.3   942.9  1148.6  1679.1  6490.2 31528.6  23554.3    23737
read      676.2   612.3    74.4   230.2   320.4   503.9   583.6   711.2   862.2   990.2  1430.8  1749.0  2389.1  5325.8 17831.3  87539.0    87776
read      483.2   880.2    74.4   137.9   170.0   389.7   477.6   526.7   565.6   620.8   704.8   872.0  2761.0 12333.1 31851.2  82293.7    82175
read      544.3   751.8    74.4   193.9   255.6   472.0   534.7   582.6   633.9   729.3   859.4   986.4  1462.0  8675.1 33136.1  98636.7    98548
read      464.2   817.2    74.4   122.2   144.1   361.3   443.4   496.4   541.3   598.6   678.6  1048.6  2514.9 10866.0 31489.1  37705.7    37704
read      448.4   677.5    74.4   125.8   149.6   360.1   450.9   502.9   542.7   594.2   672.6   833.4  2556.8  7327.1 28784.4  64620.0    64701
read      475.3   920.6    74.4   128.0   153.9   368.4   455.9   506.3   546.0   602.3   684.3   856.6  2729.9 12385.2 32225.5  68961.0    69089
read      498.4   774.0    74.4   148.0   187.3   418.6   498.8   548.2   592.2   655.8   751.2   924.5  2408.3 11070.1 31699.3  90036.7    89785
read      464.2   830.7    74.4   122.0   144.4   349.9   463.2   535.9   607.7   717.5   821.8   954.5  1936.4 11030.8 35150.3  16609.3    16676
read      580.4  1029.2    68.9   134.0   167.1   403.2   483.7   544.8   611.2   719.2   935.1  1719.5  3169.8 13145.7 32093.6  69551.7    69604
read      549.5   608.3    80.4   194.8   255.6   480.0   565.0   629.1   678.8   746.7   856.1  1009.3  1501.8  6658.9 30566.7  99583.7    99682
read      472.5   411.2    74.4   165.3   212.2   428.5   500.9   549.0   597.0   663.0   755.0   902.9  1235.2  4061.6 15476.0  97726.3    97693
read      447.9   649.5    74.4   121.3   143.6   341.6   454.7   532.0   610.1   726.6   840.4   989.8  1619.9  6051.0 31428.0  17284.0    17381
read      489.7   653.1    74.4   120.0   141.4   350.7   445.2   512.8   574.4   667.8  1095.4  1554.2  2141.5  6312.8 30907.5  40132.3    40069
read      422.3   757.5    80.4   132.4   160.7   335.2   417.7   470.2   508.6   555.0   616.4   714.7  2384.5  9132.2 31981.3   8920.3     8841
read      470.1   671.6    68.9   124.9   148.1   350.7   441.0   498.5   546.9   616.3   730.4  1490.0  2362.4  6555.9 30335.6  56643.7    56576
read      518.9   858.3    74.4   122.6   145.7   358.1   480.6   570.3   673.1   842.0   998.7  1200.1  2984.0 10414.2 31744.1  21778.0    21599
read      530.8   794.8    68.9   128.3   154.5   383.7   480.8   543.9   599.9   677.7   854.4  1675.9  2952.7  7504.5 31282.5  52951.3    53003
read      504.3   779.0    74.4   123.6   146.8   356.1   491.4   584.8   692.3   825.6   952.8  1122.2  2663.8  8726.3 30721.9  19949.7    19831
read      836.6  1068.1    74.4   333.2   385.0   538.7   650.1   903.1  1043.5  1553.6  1738.5  2085.7  3173.5 12877.6 32142.7  80252.7    80340
read      435.6   742.1    74.4   120.4   141.9   346.7   431.4   486.1   529.4   580.7   653.9   940.2  2029.0  8490.3 31514.0  28708.0    28765
read      417.3   552.3    74.4   119.9   141.1   347.0   435.5   494.1   535.1   582.0   651.1   897.1  1468.7  5931.3 28135.0  25542.7    25572
read      432.2   600.8    74.4   120.8   142.7   359.5   441.6   495.1   539.4   592.2   662.1   891.1  1886.5  6428.9 26782.5  37112.3    37071
read      477.1   649.5    74.4   136.6   167.7   394.4   488.3   542.7   586.2   642.1   731.9   925.1  2624.0  6417.6 31213.9  75907.7    75819
read      433.8   566.0    74.4   122.5   144.9   364.4   450.2   501.9   544.1   598.1   671.1   851.5  1952.8  6504.3 30391.9  44636.7    44359
read      484.9   603.0    74.4   154.8   199.3   422.4   497.7   544.2   587.8   652.1   751.0   912.1  1681.0  7886.2 30256.9  95877.7    95960
read      496.6   908.0    74.4   128.2   153.7   379.2   471.9   527.7   573.0   632.9   723.4  1003.8  2896.4 11235.9 31968.8  59463.7    59630
read      453.8   610.4    74.4   124.0   146.7   366.9   457.6   510.6   555.6   615.3   694.2  1013.4  2168.3  7171.6 28175.5  47824.3    47930
read      452.7   633.7    74.4   128.1   152.4   363.1   454.0   506.3   547.7   605.0   685.7   870.1  2542.0  8115.8 29495.5  65554.3    65545
read      523.5   793.1    74.4   163.8   212.7   444.9   520.2   578.7   634.5   707.1   805.4   954.6  1931.2  9985.7 31972.9  93930.3    94038
read      453.9   768.4    74.4   122.0   144.5   359.8   446.7   496.4   536.9   591.3   669.2   903.3  2474.6  8374.4 31846.4  51887.0    51806
read      451.5   768.7    74.4   122.0   143.9   360.4   447.2   497.9   539.6   593.2   672.1   882.5  2164.2  9594.4 31174.9  48804.3    48712
read      401.9  1003.4    74.4   123.1   143.7   324.7   395.2   433.3   460.6   494.5   545.9   673.1  1914.3 14867.4 41066.7  13139.0    13115
read      455.9   712.4    74.4   130.8   158.1   372.3   458.1   507.8   547.5   602.4   682.7   836.1  2661.8  8086.2 31058.9  76494.0    76569
read      414.8   844.8    74.4   121.2   141.6   337.6   427.4   477.5   513.3   552.0   612.9   799.6  1366.9 10262.3 33624.7  19617.3    19372
read      443.7   504.8    74.4   125.6   149.4   362.7   453.0   504.4   546.7   604.3   680.0   871.4  2380.4  4893.1 14370.8  59554.0    59331
read      473.6   878.0    74.4   126.3   151.2   365.8   453.6   504.2   546.0   603.7   684.6   860.2  2791.3 11658.2 31925.1  62346.0    62597
read      432.6   567.7    74.4   121.3   142.5   358.3   439.7   492.0   536.0   589.6   662.1   932.4  2152.9  6331.2 21350.7  37834.0    37702
read      462.9   755.5    74.4   123.7   146.3   368.8   455.1   508.1   552.8   612.4   690.8  1024.3  2153.9  9527.8 32001.1  42019.3    41975
read      438.4   767.9    74.4   122.0   142.8   347.4   434.0   493.4   536.7   584.8   653.3   939.0  2032.0  8293.2 31782.4  26168.7    26100
read      466.1   598.5    74.4   141.1   174.1   395.8   481.0   532.0   574.1   630.9   716.1   868.1  2327.4  7143.1 28543.7  82494.7    82500
read      467.8   837.2    74.4   124.6   147.8   368.2   459.3   512.5   555.4   610.9   688.6   918.3  2374.1 11726.0 31946.3  50788.3    50756
read      470.0   823.3    74.4   130.1   155.9   376.2   468.1   520.6   561.9   618.5   698.5   863.4  2620.0 11206.0 31933.4  66851.7    66696
read      469.1   693.2    74.4   127.6   151.2   374.8   467.6   522.2   566.5   625.8   709.9   997.8  2470.6  8364.0 30920.6  53261.3    53364
read      416.6   742.8    80.4   130.6   153.5   330.2   393.7   429.9   458.9   497.9   565.6   715.5  3069.1  8097.6 34857.4  10344.3    10413
read      452.7   693.8    74.4   128.2   152.7   369.2   459.3   509.0   548.9   604.5   685.1   846.7  2520.2  8669.2 33159.6  65038.7    64876
read      485.5   874.8    74.4   131.7   159.2   385.6   476.9   528.6   570.0   628.2   720.0   912.8  2762.7 11477.1 31952.9  69250.0    69079
read      398.1   647.4    74.4   120.0   140.6   333.1   423.6   472.3   508.0   549.2   610.7   800.6  1297.4  5900.9 31695.4  19281.3    19447
read      443.5   545.9    74.4   134.2   163.1   375.1   458.1   508.4   548.4   602.8   684.0   816.0  2522.7  6124.3 15046.9  81137.3    81182
read      421.2   589.7    74.4   121.2   142.3   344.2   433.0   489.6   533.1   583.2   653.7   932.4  1529.5  7304.6 25667.9  25173.7    25265
read      417.1  1109.3    80.4   132.7   156.3   321.3   381.9   413.8   437.7   468.9   521.4   644.3  2339.7 19942.2 32193.6   9607.7     9699
read      453.5   644.4    68.9   125.7   148.8   370.2   461.0   514.6   558.0   614.9   691.9   945.6  2056.0  7497.6 30769.1  48566.3    48659
read      455.4   705.3    74.4   131.2   157.5   369.7   455.6   505.7   547.2   605.7   688.7   849.0  2636.7  8606.6 31401.2  75061.0    75126
read      566.6   876.3    74.4   189.2   254.0   485.5   546.5   590.0   636.8   735.7   882.3  1019.6  1517.4 12618.6 32173.4  96275.7    96559
read      450.2   644.4    68.9   125.9   148.9   367.9   456.3   506.0   547.6   605.6   685.6   905.2  2236.6  6387.6 30725.6  55637.7    55885
read      369.3   486.6    80.4   133.4   157.7   319.9   377.7   409.6   434.4   465.4   514.2   627.0  1918.8  4857.8 30344.8   9046.3     9039
read      472.5   874.3    74.4   128.3   152.7   368.8   460.3   513.6   555.2   612.9   693.2   871.6  2736.3 12022.0 32166.4  66110.0    66378
read      428.3   537.3    74.4   121.9   144.1   365.2   449.6   501.8   545.3   597.4   669.3   843.3  1812.6  5833.5 29838.1  41241.3    41225
read      463.5   716.5    74.4   127.2   150.7   375.1   466.2   519.9   562.0   620.3   701.7   893.3  2309.2  7857.7 30786.2  52356.3    52371
read      467.7   841.3    74.4   123.0   145.8   365.1   450.1   504.4   550.2   608.6   687.3  1079.1  2459.6 11279.3 32401.6  39890.3    39873
read      454.0   619.2    74.4   122.9   145.5   371.0   457.8   513.2   559.1   616.9   699.7  1062.3  1987.9  7328.7 27717.5  41346.0    41176
read      454.6   621.7    74.4   138.4   170.6   386.5   468.3   517.0   556.3   612.5   693.5   842.3  2343.9  7624.9 29823.1  85234.7    85357
read      492.9   654.2    74.4   144.4   183.1   417.1   502.0   553.1   597.6   660.7   755.0   940.1  2138.1  8379.4 25612.7  85488.7    85391
read      549.7   703.0    74.4   177.7   234.1   478.3   559.2   615.1   666.5   745.5   864.0  1029.2  1592.9  9797.7 32044.9  91919.3    91890
read      461.6   704.9    68.9   125.7   149.4   368.6   459.0   508.8   550.7   609.1   686.1   885.1  2341.5  9247.4 29966.5  57332.7    57558
read      430.4  1071.8    80.4   130.9   154.2   336.3   398.7   433.7   460.0   494.3   549.1   674.6  2463.1 15732.7 35836.3   9964.0     9972
read      506.2   905.5    74.4   138.6   170.6   403.7   493.7   548.3   591.8   653.2   745.5   915.8  2826.6 12365.4 31772.6  74501.7    74636
read      422.0   591.4    74.4   121.5   143.9   358.0   439.7   496.4   539.1   588.1   651.2   832.9  1603.1  7264.1 31178.0  29705.3    29773
read      469.9   747.5    74.4   128.0   153.4   373.1   464.6   519.2   562.4   616.9   690.7   883.1  2771.5  9739.5 30817.4  63479.0    63494
read      420.4  1214.8    86.8   138.8   167.2   305.6   352.0   379.8   401.8   429.1   469.9   574.9  3565.6 26160.7 36727.4   7170.0     7201
read      438.2   498.7    74.4   123.8   146.5   363.2   452.5   503.3   546.0   601.8   680.7   914.1  2214.2  5132.3 12028.3  49518.0    49507
read      494.9   928.9    74.4   132.4   160.3   393.0   483.8   536.3   580.0   638.2   730.0   927.5  2589.4 13224.5 35686.0  65376.7    65454
read      523.2   685.5    74.4   151.7   195.0   457.5   558.4   615.6   655.4   705.2   790.8  1014.4  1601.9  7841.3 30730.6  88635.0    88537
read      442.8   750.2    74.4   121.2   143.3   361.5   441.7   494.7   538.7   592.0   660.3   864.3  1997.9  7683.8 32332.4  37050.0    36982
read      489.7   747.2    74.4   144.9   182.0   412.7   502.7   558.9   603.4   657.5   733.5   911.2  1922.8 10312.9 31314.8  88662.0    88964
read      465.7   377.5    74.4   154.2   195.2   419.8   511.8   569.7   612.9   663.5   735.9   895.2  1297.7  4059.1 12537.6  96511.3    96479
read      436.7   538.2    74.4   122.6   144.5   360.3   445.7   496.4   539.6   594.8   673.3   910.7  2099.6  5613.9 12799.3  47884.7    47883
read      453.2   682.5    74.4   123.7   146.9   365.7   454.8   505.5   548.6   607.8   685.5   931.1  2207.7  8338.7 30768.1  50683.7    50650
read      470.4   661.5    74.4   144.0   179.5   404.9   487.5   534.6   573.6   630.0   719.9   882.3  1934.6  7137.7 30350.0  89188.7    89242
read      378.8   728.3    86.8   139.2   167.8   305.7   353.7   382.0   402.1   430.6   475.1   577.9  2477.7  7987.2 31212.4   7260.3     7374
read      415.2  1074.1    86.8   135.5   163.6   312.9   367.2   398.1   422.4   454.6   502.9   620.4  3189.5 13909.6 32220.0   8384.3     8507
read      449.2   707.5    74.4   123.6   146.6   365.2   453.4   504.5   546.0   599.8   674.1   847.1  2296.4  7697.3 31640.1  50796.7    50676
read      460.3   688.2    74.4   125.4   149.4   372.3   462.7   516.2   558.7   615.0   691.8   880.1  2399.2  7854.8 30875.2  57038.0    57069
read      469.6   581.1    74.4   127.1   151.0   384.0   476.6   534.6   583.3   644.5   737.6  1078.4  2146.0  6894.7 20296.9  43770.0    43520
read      472.1   802.2    74.4   127.0   151.2   372.7   466.1   519.7   562.8   620.7   702.3   924.4  2507.3 11277.0 32312.0  56753.0    56720
read      455.6   683.5    74.4   129.0   154.2   373.4   462.0   512.5   552.7   609.3   690.1   844.8  2638.2  8203.5 29499.7  68275.3    68155
read      485.1   849.3    74.4   128.2   153.5   378.1   473.9   530.0   573.8   630.6   717.7   959.4  2722.4 11451.6 31802.4  60298.7    60444
read      460.3   715.6    74.4   126.6   151.4   369.7   459.0   510.4   553.0   612.2   690.2   863.8  2661.5  8785.4 30400.2  64080.7    63997
read      407.0   689.3    74.4   120.8   141.7   335.8   421.2   466.7   500.3   540.5   600.2   795.6  2001.1  6361.2 31633.5  17394.0    17315
read      456.9   691.4    74.4   133.4   162.2   382.5   471.6   524.8   564.6   617.7   693.6   838.1  2381.8  8281.8 30606.3  78445.0    78596
read      470.3   701.6    74.4   137.0   169.0   387.0   469.8   521.6   563.6   622.6   711.9   876.0  2709.0  9207.9 30898.4  81655.3    81548
read      606.0   692.0    74.4   220.9   298.1   523.5   619.8   679.2   727.8   799.8   921.6  1111.8  1592.9  8729.0 31374.2  97129.0    97254
read      436.3   652.3    68.9   121.6   144.0   362.3   450.7   503.0   544.6   595.9   667.7   859.2  1945.6  7620.9 31018.9  45824.3    46135
read      401.8   842.2    80.4   123.5   144.6   331.8   404.7   444.1   470.7   504.5   557.9   700.4  1742.2 11611.6 32094.3  13569.0    13379
read      426.3   526.7    74.4   120.6   143.0   362.8   446.5   494.7   535.7   588.8   659.9   808.6  1958.1  5315.4 28578.5  46888.0    46993
read      496.3   562.8    74.4   168.8   216.7   443.0   513.5   563.8   612.2   681.7   790.3   939.3  1399.0  6203.6 29043.9  97738.7    98274
read      567.6   590.8    74.4   199.9   267.4   501.5   591.5   647.1   688.0   748.0   878.4  1063.2  1430.9  7567.1 30193.9  97053.3    97056
read      458.1   732.7    74.4   123.9   146.7   368.4   454.2   507.4   552.6   610.3   686.9   944.1  2299.5  8186.8 31609.4  43585.0    43434
read      447.8   767.1    74.4   121.2   143.0   362.8   444.3   499.1   544.8   601.8   677.3   970.6  1779.0 10340.6 31360.3  36217.0    36406
read      490.2   539.5    74.4   167.2   214.2   440.6   512.6   560.1   602.7   664.2   766.6   934.3  1272.7  7626.9 17694.4  99128.0    99121
read      453.6   643.4    74.4   134.2   163.6   380.5   466.1   516.9   556.6   612.6   694.4   842.9  2311.4  7787.9 29488.2  80716.0    80708
read      446.4   653.3    74.4   122.5   144.7   366.6   453.0   505.2   547.7   602.6   675.5   908.2  1948.0  7790.6 30942.7  40532.3    40517
read      414.7   368.3    74.4   120.6   141.6   356.8   436.7   493.1   539.1   595.1   667.8   934.7  1615.0  4048.4 10147.8  34257.0    34168
read      387.1   526.9    80.4   128.0   149.2   337.9   403.9   440.0   466.4   501.6   554.0   683.1  1922.6  7080.5 24376.6  11694.0    11754
read      533.6   865.5    74.4   165.9   218.2   459.1   528.0   571.7   613.0   684.6   819.3   984.0  1829.4 11678.8 32301.6  93303.7    93304
read      456.1   725.7    74.4   127.8   151.5   363.2   453.5   504.0   544.9   600.5   680.3   843.1  2659.0  7321.4 31715.9  64646.3    64697
read      554.7   858.5    74.4   172.8   230.4   477.8   554.0   608.0   655.6   727.0   854.2  1031.9  1596.9 11243.5 35271.6  92527.7    92626
read      468.9   771.9    74.4   134.6   163.0   377.7   465.9   518.4   560.1   618.7   706.4   873.9  2457.8 10051.3 31748.5  75420.0    75618
read      469.6   652.5    74.4   141.2   174.1   396.3   482.4   534.8   577.1   631.9   715.7   868.9  2516.7  7383.6 31207.4  85858.7    85805
read      431.8   827.1    74.4   122.4   143.6   344.9   438.0   490.1   527.1   571.6   640.9   878.5  1836.3  8290.2 32226.4  18690.7    18930
read      476.5   883.9    74.4   123.6   146.1   369.2   456.7   508.1   552.0   612.4   692.6  1000.9  2728.5  8848.5 35364.0  50229.7    50153
read      380.6   592.3    74.4   128.2   149.9   328.7   392.4   428.1   455.1   489.0   538.1   644.0  1679.5  7228.5 27811.0  10355.0    10377
read      437.2   557.2    68.9   123.4   146.0   365.5   448.8   503.4   550.1   607.1   684.9  1025.4  1669.4  7045.5 30539.4  32954.7    33112
read      444.5   755.1    74.4   121.9   144.0   358.3   444.7   502.5   547.3   601.5   671.8   963.6  1794.7  9974.3 35730.6  28779.3    28777
read      463.4   672.4    74.4   123.7   146.8   371.3   459.9   514.9   561.2   621.8   707.0  1116.0  2339.5  7966.6 30579.6  45620.7    45709
read      478.2   770.5    74.4   134.0   163.1   388.1   478.9   532.4   576.4   635.1   719.8   885.0  2672.3  8248.2 31361.0  74492.3    74458
read      464.3   701.7    74.4   133.8   163.0   383.4   473.9   529.7   572.6   627.7   706.1   846.3  2414.0  9292.8 30484.9  73609.7    73596
read      440.4   765.9    74.4   121.8   142.9   353.5   441.0   499.8   544.8   599.7   679.4  1003.7  1579.7  8701.8 31646.5  27906.0    28031
read      466.0   776.4    74.4   124.8   147.7   374.1   461.6   514.2   560.5   618.3   693.7   938.8  2272.5  8666.5 32032.3  45723.7    45754
read      484.1   790.3    74.4   138.4   171.1   396.5   483.8   535.4   578.3   634.9   724.4   887.6  2806.4 10094.8 31499.7  80375.0    80138
read      463.9   735.8    74.4   126.7   151.4   368.3   459.4   509.8   551.5   608.5   685.9   869.8  2715.9  9406.7 30374.5  64256.0    64350
read      462.0   764.7    74.4   124.0   147.1   366.0   457.0   509.3   553.0   611.6   688.1   927.3  2323.2  8465.0 31684.5  51824.7    51870
read      472.4   626.0    74.4   136.4   167.0   390.2   482.4   540.6   585.7   640.8   723.1   893.9  2779.0  5923.9 30590.9  80905.3    81106
read      480.7   668.9    74.4   140.4   173.4   402.1   492.5   545.0   589.4   651.9   744.5   927.1  2312.2  7895.4 30888.0  82192.0    82064
read      446.2   664.3    74.4   122.1   143.8   359.1   446.8   507.3   553.6   609.7   686.6  1021.0  1862.0  8333.4 30381.9  30379.3    30534
read      449.2   866.1    74.4   121.5   142.8   350.2   440.3   499.4   542.6   592.9   664.2   949.4  1883.5 10056.4 35331.7  25447.7    25449
read      477.0   851.8    74.4   128.5   154.4   377.3   469.6   524.8   568.8   626.7   707.6   878.7  2766.0 10891.4 32165.7  67362.3    67525
read      428.2   533.4    74.4   120.6   142.3   353.3   444.1   503.8   547.9   601.0   677.6   995.6  1634.0  4920.0 30416.0  27084.7    27070
read      448.4   783.5    74.4   121.7   143.8   364.3   447.6   500.0   543.7   598.7   671.6   918.4  1869.3 10446.0 31791.4  41000.0    41133
read      435.5   722.8    74.4   121.8   142.8   351.6   439.8   500.7   544.9   596.1   666.5   951.9  1587.2  8898.1 31875.3  28080.0    28009
read      470.4   820.0    74.4   127.5   151.7   366.4   455.4   506.8   549.7   611.9   697.0   905.3  2680.9 11065.7 32175.7  64424.7    64235
read      429.1   865.6    74.4   123.3   144.3   347.1   435.6   481.9   516.1   558.4   627.0   806.9  1527.0 11245.9 32340.5  16383.7    16387
read      468.3   788.0    74.4   125.9   150.2   368.7   460.8   512.1   555.3   612.4   690.3   878.1  2623.5 10037.8 31534.0  62471.7    62388
read      451.1   638.2    68.9   123.0   145.7   370.8   455.9   509.4   556.0   614.5   694.3   945.3  2012.2  7509.9 29313.3  40260.7    40199
read      424.5   870.4    74.4   121.7   141.9   340.9   426.6   474.4   507.0   547.2   618.5   815.9  2110.6 10136.6 32064.5  16844.3    16884
read      451.9   560.4    74.4   124.1   147.5   367.0   457.4   509.6   555.1   614.2   695.5  1000.6  2196.6  6645.5 17920.9  55839.0    55763
read      464.6   763.0    74.4   122.9   145.1   368.5   456.5   512.7   559.8   619.8   708.7  1174.2  2036.5  8525.1 31521.6  41925.3    41925
read      441.0   425.4    74.4   123.2   146.6   370.6   459.4   513.4   560.9   620.7   700.4   993.8  1966.0  4748.0  8557.9  42379.7    42341
read      511.3   567.8    74.4   162.1   209.4   448.7   532.0   584.7   630.2   690.5   790.9   972.9  1853.8  6424.8 25699.2  93541.7    93577
read      445.9  1395.6    80.4   135.6   160.9   314.4   363.8   392.5   415.4   446.5   495.8   602.9  4008.9 30545.6 32493.2   7784.3     7657
read      386.0   501.2    74.4   125.7   148.0   333.8   411.6   456.0   487.5   527.5   592.4   749.9  1182.8  6957.4 18809.0  14133.0    14232
read      417.3   361.3    74.4   121.7   143.7   358.7   443.2   501.1   545.0   599.8   672.4   944.7  1577.0  3743.7  7509.1  30233.0    30107
read      479.0   823.7    74.4   130.5   157.4   379.2   472.4   527.1   569.1   625.3   707.0   897.3  2815.1 11307.3 31435.1  71006.0    71078
read      477.4   747.6    74.4   142.5   178.0   406.7   491.6   540.6   581.7   635.7   720.6   873.6  1971.3 10569.1 31456.4  85423.3    85372
read      489.0   864.0    74.4   128.8   152.6   375.0   469.4   524.3   569.4   630.9   722.7  1041.6  2743.3 12068.9 32123.1  54983.0    54930
read      363.5   700.2    86.8   146.3   182.3   304.4   344.2   370.7   392.4   420.9   463.7   543.7  1754.5  8637.6 31699.8   5703.7     5750
read      482.8   826.9    74.4   137.6   168.5   392.7   480.4   533.6   575.6   632.4   717.3   880.2  2602.2 11554.8 31467.5  79947.0    80137
read      466.2   767.8    74.4   122.5   145.2   371.3   458.8   511.4   555.9   617.2   700.3  1084.1  2164.4 11610.0 31330.8  41465.7    41449
read      443.7   888.1    74.4   122.1   143.2   351.1   438.7   488.8   525.8   573.6   650.7   867.4  2227.1 10294.5 35852.9  17413.7    17301
read      430.3   740.4    74.4   122.3   143.8   350.0   442.2   493.2   529.6   574.8   643.0   870.1  1729.9  9958.2 31091.2  19827.0    19930
read      448.5   542.3    74.4   123.5   145.4   365.2   453.2   508.0   555.4   619.6   706.2  1196.6  1966.8  5840.6 15385.1  41562.7    41776
read      368.8   586.2    80.4   132.9   157.5   325.5   375.9   405.7   430.4   463.5   514.7   612.2  1300.6  7725.1 31250.0   8622.3     8596
read      446.2   750.9    74.4   123.2   145.0   358.3   442.0   498.2   541.3   594.0   669.2   987.3  1778.2 10087.0 31478.9  30812.3    30870
read      477.1   905.2    74.4   130.4   156.9   375.9   466.5   519.6   560.4   616.0   692.8   853.4  2604.2 12243.7 31852.2  69823.7    69978
read      434.6   731.6    74.4   120.8   142.3   348.0   439.6   497.0   539.2   588.7   666.4   973.1  1683.5  9397.3 31198.3  23849.0    23908
read      393.6   613.9    80.4   133.7   157.4   339.8   397.9   434.1   464.2   502.5   564.0   677.5  1825.6  7810.9 31354.5   9807.0     9848
read      540.7  1086.8    74.4   136.2   165.9   393.4   480.9   536.3   586.1   659.0   766.5  1024.4  3587.4 13094.6 35218.7  71577.3    71598
read      465.8   651.6    74.4   135.4   163.6   381.0   470.4   524.6   568.1   626.8   716.2   891.7  2510.0  7570.7 30747.4  77418.0    77156
read      431.9   933.1    80.4   127.1   147.9   353.8   433.7   478.4   512.0   558.5   638.3   803.3  1643.6 11719.6 36754.0  14207.3    14083
read      470.6   730.6    74.4   141.0   175.2   399.4   485.0   533.6   573.0   627.3   712.2   867.1  2121.9  9186.8 30985.1  87216.7    87786
read      462.2   783.1    74.4   125.3   148.5   365.4   456.2   507.8   549.6   608.9   689.6   903.8  2381.1  9118.9 31351.8  57040.7    57205
read      442.4   555.9    74.4   121.7   143.9   356.0   446.7   497.5   540.5   599.2   682.3   990.4  2263.4  5576.8 23950.1  53104.3    53142
read      472.5   804.2    68.9   130.2   160.1   380.4   468.1   518.7   559.9   619.0   704.6   872.6  2869.6 12003.1 31584.0  77808.7    77998
read      524.7   619.5    74.4   187.6   244.7   468.0   534.7   578.4   621.9   696.2   819.3   973.9  1297.4  7618.8 30828.4  98415.7    98830
read      455.0   577.7    74.4   122.0   144.3   371.9   463.9   528.3   579.1   642.1   737.8  1146.2  1804.9  5858.5 31046.4  32491.3    32447
read      463.8   654.2    74.4   128.1   156.7   381.8   473.2   526.8   571.1   631.4   712.4   871.3  2548.9  8602.4 29776.6  74045.7    74382
read      449.2   657.8    68.9   117.6   139.2   357.0   438.4   496.9   545.4   604.5   689.5  1146.7  1952.0  7702.5 29578.8  32403.7    32271
read      483.9   823.4    68.9   123.1   147.9   374.8   466.6   523.0   569.4   630.7   719.4  1022.4  2694.7  9184.3 32461.7  55064.3    55273
read      464.8   881.9    74.4   126.2   150.7   368.0   457.5   505.4   544.6   599.0   678.8   835.9  2667.1 12822.4 35224.7  68130.7    68152
read      428.3   477.3    74.4   121.9   142.8   355.4   447.1   509.1   552.8   604.8   684.0  1044.6  1519.3  5873.5 17844.8  25372.0    25419
read      460.7   769.6    74.4   121.8   144.1   362.7   452.4   505.9   552.7   614.8   697.8  1085.5  2126.7  9972.7 32096.3  43027.0    43187
read      467.0   841.1    74.4   125.5   149.2   367.1   459.5   510.8   550.7   608.0   685.1   862.5  2456.5 13626.1 31397.8  60522.0    60608
read      457.0   790.3    74.4   124.7   148.2   363.0   455.7   507.5   549.4   606.1   685.6   860.5  2480.0 10076.1 31587.6  62210.3    62150
read      447.6   617.1    74.4   121.6   143.0   362.1   452.8   511.2   556.5   615.0   697.8  1081.5  1695.9  7588.5 28640.4  31017.7    30864
read      469.5   802.7    74.4   129.1   154.8   375.9   465.4   517.8   559.9   619.2   703.7   872.9  2588.0 10375.5 35364.7  69372.3    69566
read      451.7   731.7    74.4   121.3   142.8   363.0   443.7   498.7   544.2   601.8   679.0  1052.9  1936.3  9032.9 31819.8  37953.3    38183
read      470.7   769.5    74.4   123.7   146.7   370.8   462.8   517.7   562.2   620.0   702.4  1026.2  2390.5 10026.6 29565.4  51448.7    51253
read      453.0   638.0    74.4   123.8   146.4   364.1   455.4   508.4   554.0   616.8   702.5  1039.7  2230.1  6588.2 31166.2  52792.3    53027
read      464.0   769.4    74.4   122.1   144.5   366.8   455.2   512.3   560.2   618.8   703.6  1123.4  2116.0  8083.1 32178.9  37178.0    37133
read      437.5   554.5    74.4   128.9   154.3   365.3   454.9   507.0   548.6   605.2   686.3   830.2  2404.5  5071.2 30231.7  73437.3    73413
read      492.5   826.3    74.4   138.6   170.0   396.1   485.2   538.2   583.9   647.8   736.4   898.7  2997.5  9812.9 32162.5  78689.0    78811
read      495.1   712.8    74.4   148.1   187.9   422.6   506.9   558.7   603.2   664.9   759.8   930.9  2056.9  9122.5 31424.6  88617.3    88317
read      462.0   757.2    74.4   125.4   148.1   367.5   456.0   508.1   550.8   610.2   690.4   956.9  2245.1  8432.5 31924.4  46611.7    46504
read      466.5   652.8    74.4   126.8   150.0   378.7   472.3   530.2   577.8   639.4   728.0  1020.5  2053.3  7896.7 30577.9  46289.0    46147
read      495.1   898.8    74.4   126.8   149.5   380.0   473.5   539.1   591.5   658.4   762.5  1253.6  2012.9 11662.3 35280.3  35020.7    35073
read      436.8   688.6    80.4   124.9   145.8   365.1   465.3   521.4   559.3   608.9   690.4   929.0  1399.8  7882.6 31654.3  18702.3    18693
read      463.3   549.7    74.4   125.6   148.5   373.3   467.3   528.8   578.8   644.5   745.0  1257.1  2096.7  4856.4 28598.3  46799.0    46834
read      466.9   610.7    74.4   133.4   162.1   384.8   475.2   530.8   575.1   632.4   715.9   892.2  2553.1  7701.2 28036.6  76358.7    76427
read      519.6   608.2    74.4   169.9   221.4   459.1   546.5   611.0   657.5   715.2   807.1   967.4  1421.7  7261.8 29213.5  96096.7    96007
read      446.2   589.7    74.4   134.8   164.1   375.1   459.3   508.7   548.1   605.6   687.3   824.7  2335.8  7316.2 19678.8  83841.7    83666
read      478.6   727.7    74.4   129.3   154.5   373.8   467.6   524.7   569.8   627.5   708.7   918.6  3060.4  8151.0 30922.2  64382.3    64655
read      469.4   841.4    74.4   124.3   147.4   368.6   460.6   513.9   558.4   617.3   692.5   918.1  2525.8 10270.1 31969.0  54076.7    54099
read      395.3  1167.2    80.4   145.9   178.7   299.1   343.9   369.9   391.5   420.8   465.1   542.5  2185.7 21679.3 32957.6   5556.3     5485
read      441.6   370.5    74.4   143.2   176.8   396.6   492.1   548.4   589.7   637.6   704.1   843.8  1270.2  3653.8 11764.9  93244.7    94089
read      455.1   702.5    74.4   125.6   148.8   362.9   454.9   505.0   545.7   602.3   684.3   882.5  2381.9  7795.6 30926.3  57551.0    57214
read      425.0   562.4    74.4   120.8   141.9   351.6   446.4   504.5   544.6   593.6   673.8   969.0  1416.8  7825.0 29779.3  23835.0    23788
read      497.3   793.7    74.4   135.1   166.3   402.0   501.4   554.5   595.5   651.4   737.4   953.3  3003.3 10174.0 31740.9  75275.0    75649
read      445.3   575.2    68.9   122.9   145.0   366.0   451.8   507.3   553.0   613.0   695.5  1065.0  1900.9  5974.7 16361.3  39533.3    39466
read      447.8   633.6    74.4   124.0   146.0   365.8   455.6   506.4   552.5   613.7   692.4   980.7  2068.5  6192.4 30630.9  47387.0    47463
read      436.3   758.2    74.4   122.5   143.2   350.5   446.8   501.1   539.7   587.5   680.3   928.0  1801.3 10575.0 31651.3  19324.0    19155
read      428.2   659.9    80.4   121.5   141.9   347.6   442.1   494.4   532.2   580.7   674.8   909.3  1710.2  9211.1 30390.5  18475.3    18449
read      435.7   610.0    74.4   121.2   142.5   360.9   444.7   502.2   549.0   607.3   684.7  1046.8  1693.2  6118.9 30220.9  35056.0    35235
read      487.9   817.1    74.4   150.9   191.5   423.4   503.4   551.8   594.4   655.3   749.5   914.5  1451.6  8573.1 32334.6  93224.7    93118
read      467.4   743.0    74.4   133.4   161.0   380.8   471.0   524.1   566.4   623.4   706.5   864.0  2814.7  8797.3 31770.9  76489.7    76391
read      482.2   841.6    74.4   131.3   158.0   385.0   476.1   529.1   571.1   627.8   712.6   895.5  2968.3 10099.0 31814.1  70496.7    70733
read      474.6   690.8    74.4   132.5   160.5   388.4   484.0   537.1   580.1   637.2   721.2   909.5  2911.4  7672.7 31019.6  74126.0    74230
read      466.2   684.8    74.4   123.3   146.1   376.7   467.4   527.3   575.9   635.8   721.9  1078.9  2136.1  7204.4 31261.2  37313.7    37188
read      450.1   601.6    74.4   124.1   146.6   367.0   459.0   510.7   556.6   615.8   696.1  1002.1  2141.0  5454.9 28435.7  49176.0    48862
read      444.2   431.1    74.4   125.1   148.0   362.1   456.1   509.4   553.6   614.9   701.4  1001.2  2314.4  3637.2  9670.9  59439.7    59325
read      451.0   657.1    74.4   128.1   151.6   363.8   453.7   505.7   547.3   607.2   689.4   851.8  2595.1  8015.2 28482.1  66426.7    66219
read      435.0   583.2    74.4   121.2   141.8   349.0   440.6   505.0   550.1   607.1   694.1  1056.7  1679.3  6258.1 30648.7  25949.0    25760
read      467.8   751.2    74.4   130.4   157.6   375.6   466.3   517.7   559.2   615.7   696.5   860.3  2846.2  9284.4 31360.7  75415.0    75255
read      465.7   715.4    74.4   127.8   152.8   366.2   457.2   511.3   554.8   614.1   696.2   872.6  2877.3  7504.8 31163.0  67950.0    67915
read      423.4   604.5    74.4   120.3   140.7   346.1   439.7   500.8   541.9   591.8   678.9   971.0  1427.1  6829.3 30173.8  22926.7    23004
read      445.3   810.4    74.4   120.9   141.4   345.8   440.0   498.5   538.7   587.4   677.8   972.7  2127.6 10534.6 31586.2  22064.3    21973
read      452.3   587.4    74.4   137.7   169.1   389.1   476.7   526.9   566.3   620.7   702.9   849.6  1897.1  7087.5 26958.8  82640.7    82811
read      443.6   627.5    74.4   121.0   143.0   363.0   448.2   503.7   549.0   607.2   685.4  1024.7  1890.3  6580.5 29612.3  38920.3    38870
read      483.7   688.1    74.4   141.0   175.9   407.4   494.8   546.5   590.7   650.0   738.1   906.4  2398.8  8617.3 30967.2  85808.0    85697
read      538.0   568.1    68.9   168.4   221.6   479.2   566.5   629.8   678.4   737.7   836.9  1021.2  1542.7  7962.5 26942.4  94266.7    94176
read      457.4   663.8    74.4   140.1   173.1   389.8   473.4   522.2   561.5   617.6   703.4   849.2  2042.2  8197.9 30158.4  88920.0    89142
read      461.7   805.6    74.4   121.5   142.9   366.6   453.1   510.5   558.3   620.0   710.3  1179.1  1862.6 11554.1 32425.0  39276.0    39251
read      443.8   671.6    74.4   120.6   141.7   360.1   442.4   499.6   545.6   602.4   683.4  1101.8  1773.4  9170.4 31001.5  36162.0    36339
read      443.3   524.4    74.4   122.1   142.9   362.4   453.2   517.1   565.0   623.5   718.2  1110.1  1746.1  5497.1 16244.8  30210.7    30304
read      459.3   690.8    74.4   126.7   150.1   368.5   463.4   518.8   562.8   620.2   701.7   904.1  2382.7  8279.4 29742.6  58354.0    58303
read      480.3   772.7    74.4   135.5   165.2   389.1   474.5   524.7   565.9   625.1   718.9   885.7  2913.9  9136.1 31255.0  78635.3    78732
read      463.1   635.3    74.4   137.6   168.4   394.7   484.0   536.0   577.9   635.5   722.2   867.8  1931.3  7382.2 30425.1  81749.0    81734
read      488.9   796.5    74.4   143.9   180.5   412.2   494.8   542.4   583.2   640.7   738.0   906.7  2407.5  9383.3 32231.4  85579.7    85654
read      482.7   807.1    74.4   124.3   146.7   375.5   463.0   522.7   572.5   635.9   731.1  1244.1  2139.5  9988.2 31321.6  39935.7    40030
read      418.2   682.0    80.4   130.1   151.7   359.5   428.7   471.3   504.9   549.7   630.4   771.9  1629.3  6221.4 35582.5  11168.0    11145
read      434.4   515.0    74.4   122.8   144.2   359.2   452.0   512.1   557.1   612.2   697.8  1021.3  1528.1  5674.0 20117.0  24165.0    24220
read      466.7   736.2    74.4   124.4   146.4   372.7   460.3   519.3   570.5   632.9   722.6  1119.7  1968.4 10741.5 30691.8  36291.7    36178
read      482.0   738.7    74.4   132.4   158.8   379.8   474.8   530.6   576.4   637.0   730.5   960.4  2724.1  8669.9 31202.0  69720.7    69625
read      475.3   634.2    74.4   136.8   167.6   392.4   484.9   538.4   582.0   640.1   731.1   919.3  2706.4  7450.6 28129.0  80042.0    80189
read      477.5   855.5    74.4   128.3   152.3   368.0   459.8   513.4   556.1   615.4   701.0   905.1  2717.2 11477.3 31985.8  64228.7    64261
read      469.8   645.1    68.9   136.3   165.9   388.6   478.9   532.7   577.5   637.5   727.2   899.0  2474.2  6713.5 30345.6  78372.7    78356
read      449.1   530.4    74.4   124.3   145.7   373.4   465.9   527.7   575.5   633.0   720.0  1065.9  1849.4  4627.4 28708.5  30870.0    30570
read      482.8   705.5    74.4   129.3   154.5   375.4   468.0   524.8   573.2   636.4   730.7  1133.7  2573.6  7881.0 30852.4  63949.0    63922
read      473.5   783.4    74.4   137.3   168.6   389.8   471.7   523.7   567.6   627.4   716.1   869.7  2439.3 12147.1 32004.0  82313.0    82549
read      405.1   608.9    80.4   139.5   167.7   350.6   406.0   443.1   471.2   509.9   570.5   677.4  1945.8  5393.9 30675.2   7675.0     7574
read      457.7   656.6    74.4   123.5   145.2   365.5   455.4   511.6   561.1   623.7   717.4  1144.1  2082.6  6846.7 30553.9  42106.0    42298
read      468.8   726.5    74.4   123.0   145.1   367.9   456.5   516.9   567.1   630.9   727.7  1271.3  2065.4  7559.6 31712.9  39150.3    39152
read      456.1   470.6    74.4   142.0   176.0   396.6   482.6   534.5   576.5   633.3   722.8   874.9  1846.6  5505.5 13511.5  88470.3    88634
read      458.9   612.9    74.4   126.3   149.9   368.6   461.2   515.4   560.1   620.3   704.8   931.6  2491.8  6833.4 28378.1  60763.7    60765
read      502.5   923.9    74.4   123.5   145.3   367.9   463.8   534.9   588.6   655.8   784.9  1239.8  3149.1 11322.8 31950.8  30629.3    30534
read      450.5   631.5    74.4   122.4   143.8   364.6   451.3   512.5   562.7   622.9   708.4  1131.7  1848.7  7840.1 30914.9  35626.7    35563
read      478.5   551.0    74.4   164.4   209.3   429.7   503.1   548.6   590.2   652.8   750.5   901.5  1200.8  4929.2 28510.1  96787.0    96837
read      494.8   770.1    74.4   135.0   164.5   398.2   493.3   548.6   594.2   656.1   746.8   951.4  2864.9 10010.7 31263.0  74409.7    74496
read      446.7   497.7    74.4   122.1   143.6   365.8   452.7   505.6   553.7   616.5   702.1  1139.7  2011.5  6102.1 13976.7  43086.0    42819
read      460.2   651.2    74.4   122.5   144.9   364.7   454.4   507.2   553.0   615.0   701.6  1095.7  2354.9  6077.1 30090.4  50073.7    50120
read      414.9   442.8    74.4   121.9   142.7   361.3   451.2   501.3   537.7   585.7   679.8   879.4  1275.4  4737.9 12579.6  16848.0    16904
read      435.4   806.1    80.4   127.2   148.6   365.1   433.3   473.0   505.8   549.3   620.8   762.0  2636.0  8310.4 31344.9  11422.3    11439
read      447.1   529.9    74.4   122.9   144.6   365.5   463.2   527.8   574.5   631.5   734.3  1063.5  1640.8  6715.9 15535.2  24065.7    24076
read      463.3   684.1    74.4   136.7   168.3   386.8   471.3   525.0   567.8   626.0   713.0   858.9  2222.6  8155.1 30875.3  84754.7    84757
read      460.3   701.2    68.9   130.1   156.9   372.8   460.4   511.5   554.6   613.8   697.0   859.9  2680.6  9001.8 32531.3  76594.0    76496
read      435.1   451.2    74.4   121.2   142.6   361.7   448.3   509.4   560.2   617.8   705.4  1129.9  1763.2  4406.8  8779.4  34785.0    34744
read      349.0   385.4    86.8   143.6   179.8   306.6   352.2   379.2   399.7   426.9   466.0   540.1  1462.4  5523.3 11185.3   5823.3     5910
read      412.2   969.8    74.4   146.4   180.2   328.1   379.4   409.5   434.1   467.6   519.7   613.1  2643.6  9767.4 36164.2   6306.0     6391
read      449.0   456.0    74.4   126.3   151.0   374.4   468.7   533.7   580.6   637.9   736.0  1080.0  1579.5  5424.9 11624.2  25488.3    25594
read      477.5   648.7    74.4   124.6   146.5   376.5   475.1   545.5   598.4   664.2   779.6  1219.2  2177.7  6674.7 30755.5  30252.3    30327
read      470.0   677.4    74.4   129.8   155.0   371.3   464.9   521.5   567.4   628.9   718.9   982.4  2615.3  7444.4 30883.8  62838.3    62849
read      456.8   648.1    68.9   143.9   176.3   394.0   476.8   525.0   564.6   621.0   703.4   850.8  1520.7  8793.9 31171.6  91524.3    91392
read      448.6   576.1    68.9   125.1   147.6   366.5   453.5   508.8   555.2   614.8   699.8  1086.8  2019.3  5962.8 28831.0  44341.7    44328
read      462.1   657.5    74.4   122.6   144.9   367.5   460.0   518.7   566.2   628.3   724.0  1238.5  2053.7  7614.5 30995.0  47764.3    47665
read      445.6   575.6    74.4   131.4   158.9   371.5   461.0   512.2   552.2   609.1   690.1   840.1  2561.7  5818.1 28050.8  79005.0    79152
read      407.2   650.2    80.4   125.8   147.1   358.3   426.5   466.4   498.8   540.4   610.0   741.7  1309.0  6108.0 31589.9  11634.3    11613
read      510.5   467.4    74.4   172.8   225.8   463.2   546.6   600.0   643.7   706.1   803.8   973.1  1329.5  5610.5 18569.6  95910.7    96212
read      456.5   507.0    74.4   123.1   144.7   374.3   475.9   543.7   593.6   657.2   772.0  1131.9  1715.7  5320.0 25554.5  27127.3    27129
read      463.6   584.0    74.4   140.6   173.8   395.3   480.0   531.4   573.9   631.6   720.6   872.7  2265.7  6127.9 29568.1  86474.0    86430
read      464.1   718.8    74.4   125.3   148.7   369.7   463.2   518.7   564.0   625.0   709.2   944.1  2436.2  7897.5 31311.9  58684.3    58712
read      426.7   425.2    74.4   119.7   139.9   353.4   449.0   511.1   555.5   610.9   711.2  1020.9  1519.6  4772.9 12412.5  23854.3    23931
read      398.1   561.0    80.4   134.8   161.6   347.1   408.0   445.1   473.0   511.3   572.4   679.1  1877.3  5075.9 31263.5   8566.3     8445
read      472.8   650.8    74.4   127.0   150.8   373.3   466.7   523.4   571.6   634.9   728.5  1090.4  2438.3  7780.4 29913.3  55443.3    55537
read      747.2  1159.3    74.4   132.8   162.7   452.8   658.0  1094.6  1268.2  1399.0  1555.5  1855.2  3003.5 14821.9 32384.0  54587.7    54706
read     1306.5  1341.6    80.4   417.5   512.0  1219.9  1394.3  1504.1  1601.0  1746.0  2027.2  2484.6  3663.9 26936.2 35528.8  51890.7    51997
read      759.5  1637.8    74.4   140.4   175.4   482.2   649.0   777.6   894.8  1051.4  1284.7  1841.3  5590.0 30383.8 32497.1  18843.0    18803
read     1283.5  1241.0   118.1   445.2   482.7  1174.0  1373.5  1536.5  1689.5  1886.4  2138.1  2494.7  3899.7 20461.5 32814.6  88870.0    88693
read      670.5   988.6   137.8   416.7   443.1   542.6   604.5   676.4   829.7   939.6  1011.3  1099.1  1460.3 10475.0 34270.4  91007.7    91224
read      641.3   496.5   148.8   419.7   445.1   537.0   587.6   640.8   784.2   928.6  1002.0  1086.1  1385.4  6166.6 16267.6  76716.7    76765
read      629.6   632.7    80.4   375.4   423.7   536.9   591.0   639.7   710.1   883.8   984.6  1081.3  1348.6  8521.0 31263.7  80423.3    80364
read      447.3   647.6    74.4   123.0   145.7   367.2   457.6   510.5   554.5   613.1   695.9   919.0  2066.6  6571.5 31217.0  54647.7    54372
read      456.8   554.9    74.4   123.4   145.0   376.2   469.5   536.3   587.3   646.7   734.4  1122.4  1716.8  7295.6 24977.1  32534.7    32473
read      427.2   351.0    74.4   120.9   141.4   362.3   461.6   528.8   575.6   630.3   723.3  1021.8  1452.0  4003.4  6775.9  25940.7    25920
read      436.2   819.7    74.4   128.6   150.5   364.6   436.1   479.1   511.3   555.3   629.0   781.9  1977.0 10579.6 31926.2  11607.7    11574
read      603.8   535.6    74.4   303.3   372.8   527.3   592.6   652.6   721.0   833.4   946.8  1067.4  1360.7  6681.1 21732.3  98851.3    99135
read      457.9   625.7    74.4   124.2   146.1   373.7   478.2   544.9   591.8   647.9   752.5  1058.2  1629.7  7723.9 30598.1  23984.7    24026
read      509.9   711.2    74.4   155.3   199.8   445.2   534.9   590.8   632.9   685.7   775.1   958.7  1538.4  7564.8 31277.9  92192.7    92271
read      484.1   677.2    74.4   144.9   183.0   410.6   497.5   550.0   594.9   655.8   742.0   912.2  2244.0  7503.9 30279.9  88543.3    88470
read      474.5   581.9    74.4   126.4   151.2   376.7   469.8   531.1   579.4   642.1   739.8  1129.9  2510.8  6573.2 17202.6  58557.7    58597
read      470.9   649.8    68.9   138.1   170.5   394.9   484.3   536.8   579.2   635.4   721.6   882.2  2383.6  8434.5 30385.9  83254.7    83103
read      435.2   641.7    74.4   123.1   143.8   363.9   460.8   516.4   555.9   605.3   686.5   911.7  1383.3  8038.8 30989.5  19110.3    19062
read      483.3   775.8    74.4   132.3   160.7   382.4   471.5   528.4   575.3   638.1   731.3   929.4  2821.0 10784.8 32148.1  72700.0    72681
read      439.0   496.1    74.4   120.2   141.7   358.9   451.3   518.2   568.4   627.2   721.9  1133.4  1659.2  4631.3 15905.2  31009.7    30900
read      505.4   627.2    74.4   161.0   206.6   437.0   525.0   585.1   631.9   688.2   778.3   943.0  1716.3  8039.1 30819.2  94928.0    94867
read      439.7   632.5    74.4   120.3   140.5   355.4   457.1   517.5   559.3   613.1   716.1   986.8  1641.9  8084.2 30607.7  22577.0    22477
read      535.7   617.7    74.4   174.3   228.5   472.8   556.1   613.7   658.0   719.8   828.7  1002.1  1494.7  7365.7 30566.6  97508.0    97890
read      401.7   636.4    74.4   126.2   147.9   359.3   429.6   469.8   501.0   539.8   601.3   729.2  1073.6  6289.7 31661.6  11935.7    11845
read      549.3   616.8    74.4   180.2   239.8   487.7   564.6   617.3   666.4   742.3   874.8  1042.8  1558.2  7500.4 30778.3  95223.0    95363
read      473.6   660.1    74.4   144.8   181.8   409.1   492.0   540.6   582.6   641.2   734.5   893.2  1730.9  8275.6 31002.7  89996.3    90122
read      464.8   642.6    74.4   135.4   165.7   386.5   475.5   527.9   569.0   625.4   714.0   882.5  2436.5  8167.2 30022.1  81111.0    81157
read      465.2   682.5    74.4   132.9   161.5   381.7   468.7   521.3   563.3   620.7   708.5   868.6  2827.1  7533.2 29239.8  78436.7    78569
read      510.4   603.0    74.4   174.8   228.4   453.2   527.5   577.2   622.6   690.8   800.9   953.4  1290.9  7364.5 31005.9  97589.7    97434
read      445.2   550.5    74.4   119.9   140.6   357.8   451.3   519.1   569.5   630.9   737.9  1125.6  1676.2  6210.6 25949.6  29155.7    29257
read      440.3   520.3    74.4   121.4   143.6   365.3   452.7   509.5   559.3   620.2   707.5  1114.8  1839.4  4768.0 22965.4  41771.0    42139
read      445.0   594.5    74.4   122.2   143.3   365.6   470.2   531.9   574.5   628.5   732.8  1019.4  1587.4  6696.3 29649.2  21392.0    21444
read      418.9   402.4    74.4   122.5   143.5   364.8   460.6   515.4   552.9   600.2   685.3   905.3  1323.2  4591.1 11889.2  18327.3    18314
read      450.8   538.6    68.9   122.7   144.5   368.3   460.8   518.9   567.7   629.2   719.4  1085.3  2074.1  5545.1 22870.3  49183.3    49203
read      468.0   702.1    74.4   139.2   171.9   392.5   479.9   529.9   569.7   624.1   708.9   872.5  2274.9  9707.6 29622.7  88045.3    87787
read      455.7   690.4    74.4   131.7   159.3   373.7   459.2   510.3   550.3   607.8   689.8   834.1  2736.4  8138.5 30072.5  77682.7    77490
read      427.4   430.0    80.4   123.5   144.1   370.2   461.5   514.4   550.5   601.0   692.3   895.0  1402.0  5959.0 11536.9  16510.3    16464
read      439.9   707.7    74.4   120.5   141.4   355.9   451.1   511.2   553.1   603.1   679.8   954.5  1545.0 10478.3 31527.0  23455.0    23314
read      449.2   486.6    74.4   141.5   174.4   390.2   480.0   533.9   577.5   633.1   713.1   854.9  1645.0  4492.0 18252.9  88591.7    88655
read      422.7   410.4    74.4   120.6   141.1   357.9   448.8   516.0   562.1   615.8   691.4  1023.5  1524.1  3443.1 11520.4  28317.3    28245
read      458.9   626.8    74.4   121.4   143.0   368.4   456.1   516.3   567.4   628.6   722.0  1201.0  1963.0  7673.0 27751.4  40643.3    40610
read      470.9   686.1    74.4   133.0   161.4   381.8   472.5   528.8   573.5   632.2   718.8   893.6  2760.4  7504.0 30489.3  76893.3    77039
read      450.4   558.8    68.9   122.5   144.6   371.4   460.8   523.4   572.4   630.9   720.3  1088.0  1728.2  7577.8 19263.7  34782.3    35056
read      448.2   583.1    68.9   122.7   143.7   364.2   462.9   529.3   576.5   632.5   731.2  1079.4  1595.3  7204.6 27860.8  26742.3    26782
read      459.0   623.8    74.4   123.9   146.5   367.3   460.3   515.9   560.3   619.9   705.0  1028.1  2313.2  7118.3 29021.3  53203.7    53121
read      415.8   506.0    74.4   123.1   143.9   367.0   454.5   503.2   538.5   584.1   674.1   850.7  1246.0  5003.4 29521.3  15107.7    15035
read      455.5   586.7    74.4   123.1   144.0   366.8   457.4   525.2   577.4   638.6   735.5  1181.3  1770.8  6941.0 20267.9  33833.7    33766
read      526.4   611.8    74.4   188.3   246.3   461.8   529.2   577.3   625.5   709.3   832.3   968.6  1360.6 10300.5 29854.3  99783.0    99826
read      439.9   491.4    68.9   123.1   144.8   357.8   451.1   507.0   550.8   611.3   696.4  1035.0  2047.3  5477.8 12843.6  49684.3    49516
read      390.1   336.7    74.4   120.4   141.4   344.5   435.0   492.2   531.9   575.1   633.1   801.3  1240.0  3820.3 11880.4  25998.7    25895
read      407.7   392.3    68.9   123.7   145.7   341.2   434.4   489.3   530.1   582.6   656.9   798.2  2079.6  3355.5  8300.8  65011.7    64849
read      405.7   414.2    68.9   127.9   152.1   344.4   434.9   489.7   531.3   582.8   653.5   782.0  1985.4  3855.7 12336.5  79573.0    79516
read      403.5   343.1    68.9   121.8   143.2   344.8   434.6   486.7   528.0   581.5   655.9   815.7  1835.9  2632.6  8619.7  55080.0    55109
read      403.5   368.2    68.9   123.2   145.6   340.0   430.4   484.4   526.5   578.3   650.0   790.5  2075.0  3358.1  8135.6  70078.0    69984
read      394.3   342.7    68.9   120.6   141.7   349.3   434.3   490.7   533.4   581.8   641.3   795.5  1398.2  2326.2 12854.2  34407.3    34454
read      396.3   353.4    68.9   120.4   142.1   334.7   424.2   475.2   516.4   567.5   636.6   778.4  1893.1  3313.0  7414.4  64975.0    64785
read      399.9   368.7    68.9   120.8   142.1   347.9   433.2   485.9   528.3   580.6   646.8   818.4  1601.9  2369.1 11214.5  44008.7    43963
read      392.3   330.5    68.9   130.3   156.2   345.8   429.8   480.1   518.4   566.4   632.6   745.7  1213.2  3698.7  9423.7  90331.0    90279
read      402.9   384.0    68.9   122.6   144.5   340.2   430.3   482.5   523.1   573.6   641.5   781.9  1975.9  3424.0 12217.1  62172.3    62151
read      401.2   338.5    74.4   121.5   143.0   351.8   437.0   489.9   531.7   582.8   649.8   798.3  1663.8  2473.8 10228.3  46883.0    46958
read      395.5   380.7    68.9   125.9   149.8   339.0   425.9   477.4   518.0   567.7   636.1   751.6  1999.7  3633.0 10592.3  82301.7    82432
read      398.2   356.5    68.9   123.5   145.2   351.2   435.4   487.1   526.9   577.3   641.7   781.9  1627.8  2446.2 13360.2  45699.0    45518
read      409.5   350.9    74.4   138.9   168.7   366.2   451.8   502.3   541.0   589.9   659.9   780.5  1110.5  3674.2 14902.4  97152.3    97055
read      388.9   275.5    68.9   121.5   142.4   347.3   438.7   496.3   536.7   581.6   641.0   792.7  1260.5  1884.1  7931.8  29064.3    28977
read      402.3   397.1    68.9   124.0   146.3   337.9   427.7   479.4   520.1   571.7   641.5   772.2  2232.5  3441.6 12219.9  72429.3    72436
read      330.5   376.8    86.8   161.2   205.7   308.0   340.9   361.4   376.0   394.4   417.6   458.2   594.0  5514.5 16907.9   5101.0     5078
read      400.8   400.4    68.9   126.3   150.4   343.0   433.1   486.3   526.6   576.5   645.0   769.8  1838.6  3643.0 16121.5  80822.7    81357
read      393.1   300.5    68.9   122.2   143.4   351.8   439.2   496.6   538.4   585.4   643.6   777.3  1302.7  2374.1 10407.6  28743.3    28531
read      405.1   430.0    68.9   130.4   156.4   351.9   436.9   489.3   528.9   579.1   650.4   770.9  1498.4  4145.0 15555.4  87287.3    87140
read      392.2   301.4    74.4   120.3   141.6   348.2   431.2   485.6   529.7   580.5   642.6   808.3  1423.6  1925.4  8786.2  36750.0    36881
read      370.0   318.7    74.4   129.7   151.5   359.4   421.0   455.4   481.2   512.5   554.5   634.1   880.4  4200.8 12072.9  12936.7    12972
read      424.9   345.7    74.4   125.3   148.5   373.5   464.2   520.6   567.0   624.6   699.5   878.9  1671.3  2585.8 12006.3  41853.0    41961
read      401.8   416.4    68.9   124.4   147.2   339.8   427.2   480.2   521.0   571.5   639.5   765.3  2128.8  3746.5 12707.6  76530.3    76602
read      396.2   339.9    68.9   132.5   158.9   349.4   434.7   486.1   525.2   573.4   636.7   750.3  1177.9  3482.8  8143.6  93242.3    93251
read      392.9   316.6    74.4   120.8   141.2   351.8   435.2   489.5   533.3   583.2   641.6   771.9  1422.8  2102.3 11694.3  35326.3    35269
read      401.5   383.7    68.9   128.5   154.0   346.1   432.2   485.4   526.2   575.4   642.6   765.1  1754.6  3876.6  8470.1  86557.0    86366
read      391.0   275.8    68.9   121.5   142.8   354.2   440.3   497.2   538.8   586.0   646.2   770.3  1278.9  2462.2  7961.9  29212.0    29241
read      397.6   332.8    68.9   121.3   143.0   342.2   431.7   482.7   523.6   576.0   642.0   780.3  1810.2  2564.8  8060.2  57260.0    57116
read      398.6   444.9    68.9   125.8   149.3   338.5   423.5   473.6   512.1   560.9   628.6   742.8  2135.5  4650.7 13453.3  81331.0    81511
read      396.8   306.3    68.9   122.0   142.8   351.7   437.1   489.0   530.9   582.1   650.4   792.2  1603.2  2188.8  6852.5  44952.0    45059
read      399.0   351.2    68.9   124.9   148.0   340.8   430.7   485.2   527.1   578.8   649.7   778.7  1867.5  3387.9  9609.4  75649.0    75774
read      395.8   367.4    68.9   120.8   142.2   335.0   424.9   476.1   517.2   568.4   636.3   775.4  1891.7  3091.3  9453.1  61724.0    61736
read      353.9   285.2    80.4   140.5   167.2   342.7   393.1   420.0   438.5   463.3   499.1   561.8   758.1  3823.4  9005.7   8979.0     8949
read      396.7   354.4    68.9   122.8   144.6   335.5   427.0   479.1   520.4   571.7   638.8   769.1  2017.7  3083.5  8004.4  66314.0    66290
read      408.0   353.3    68.9   129.7   155.7   350.3   442.4   497.3   539.8   590.7   662.6   787.5  1851.1  3485.0  9792.4  82839.3    82937
read      398.8   384.1    68.9   124.7   147.5   343.6   432.9   485.6   526.0   576.6   643.7   758.6  1888.5  3759.9 10337.3  74269.3    74263
read      394.2   311.3    68.9   122.7   144.4   359.4   449.6   505.1   546.0   589.7   645.4   762.0  1197.9  2351.9 12262.8  25768.0    25664
read      393.3   336.8    68.9   122.1   143.8   337.1   426.1   478.6   518.6   568.8   635.6   748.9  1898.7  2984.3  7604.0  64045.0    64314
read      384.7   344.2    68.9   122.7   144.1   350.0   438.8   488.8   524.1   564.3   616.6   725.2  1169.3  3584.2 12735.3  23774.7    23804
read      393.2   376.5    68.9   121.7   142.9   335.9   423.3   471.8   510.8   561.8   630.1   746.5  1910.1  3359.6 11104.4  66314.3    66356
read      406.6   312.7    68.9   124.6   147.2   357.6   447.9   500.8   543.7   596.4   668.1   804.4  1701.5  2387.3  9206.9  49384.0    49506
read      419.3   376.4    68.9   126.6   149.4   357.7   452.1   506.5   550.7   606.8   683.3   845.1  1897.9  2923.7 10174.3  54714.0    54758
read      399.7   356.9    68.9   126.1   148.5   342.8   433.1   486.8   528.3   580.3   650.1   772.1  1954.4  3373.7  8008.0  72466.7    72283
read      409.3   355.1    68.9   137.7   167.5   365.6   453.6   504.4   543.2   590.4   659.2   788.2  1142.0  3406.8 10294.3  95659.7    95641
read      384.7   319.9    74.4   122.9   143.8   351.3   441.6   493.5   530.5   571.8   626.1   730.5  1134.5  3188.1 12621.9  24096.0    24157
read      360.8   297.8    74.4   127.2   148.6   346.6   418.4   453.8   478.4   509.0   548.0   627.6   881.1  3873.8  7828.7  15049.7    15088
read      393.4   338.6    68.9   122.8   145.6   338.8   426.2   477.8   518.3   568.2   634.8   747.1  1869.3  3435.9  6692.6  73681.0    73735
read      395.4   393.1    68.9   124.2   147.2   336.2   424.7   476.9   517.8   567.3   634.8   751.3  2019.2  3451.4 12582.0  75816.0    75655
read      397.2   348.5    68.9   120.3   141.4   347.3   432.7   484.0   524.9   575.4   640.2   794.0  1623.4  2497.2 10070.5  44953.3    44689
read      387.0   285.8    68.9   120.1   141.2   349.1   431.0   480.6   522.6   571.2   631.3   745.0  1442.9  1885.5  8117.3  37756.3    37890
read      388.9   341.8    68.9   119.3   140.0   342.5   426.2   474.9   513.9   563.2   625.7   741.2  1663.9  2557.2  8722.8  50691.3    50565
read      396.5   395.3    74.4   124.8   147.8   338.8   426.2   478.2   518.5   567.4   634.1   747.2  1905.2  3682.6 12510.8  81289.3    81326
read      391.3   386.6    68.9   121.7   143.6   333.7   418.6   469.4   510.4   559.9   626.5   743.0  2010.1  3409.4  8346.3  75606.3    75641
read      400.2   298.3    68.9   134.3   162.9   358.6   444.8   496.9   536.6   583.8   645.3   760.2  1109.1  3611.0  9198.2  97000.0    97055
read      386.8   262.4    74.4   123.3   144.6   348.5   438.5   493.1   531.9   575.9   633.3   769.0  1229.7  2408.7  7559.5  26280.3    26336
read      394.5   368.4    68.9   121.4   142.9   336.8   426.4   477.6   519.0   568.7   634.8   760.8  1876.1  2909.8 12636.0  63899.7    63820
read      399.2   384.6    68.9   128.6   154.1   347.3   434.4   486.4   526.1   576.3   644.7   764.1  1533.6  3475.0 11174.9  85136.7    85404
read      369.5   241.1    74.4   124.2   146.0   354.7   434.8   477.7   507.8   542.6   587.3   671.6   958.3  1262.0  8083.1  18215.7    18025
read      400.8   343.8    68.9   121.3   142.4   356.7   439.2   492.3   535.1   587.6   652.7   782.2  1574.8  3121.2 12391.2  42254.3    42168
read      401.3   301.7    74.4   123.0   144.9   358.7   446.5   501.3   545.1   597.0   662.0   804.9  1461.3  1970.3  7400.3  37478.7    37351
read      421.7   303.3    74.4   127.6   151.6   380.3   471.8   532.9   578.7   630.2   697.1   862.5  1429.5  2014.2  7698.9  31535.3    31615
read      432.9   364.9    74.4   126.9   150.2   377.1   473.1   535.1   582.4   639.5   718.2   892.1  1786.9  2983.1  9515.7  46276.7    46356
read      418.9   323.9    74.4   127.4   151.0   383.9   482.3   539.6   580.2   626.8   689.2   826.1  1269.0  2242.2  7897.3  24691.0    24714
read      396.3   350.2    74.4   122.7   144.6   337.2   428.5   479.9   519.4   569.5   636.3   755.6  2023.8  3067.5  7782.7  67734.7    67626
read      362.3   233.7    74.4   124.9   145.4   353.3   428.0   465.0   491.8   523.0   564.9   636.1   869.8  3114.1  7864.0  15795.0    15739
read      403.9   434.7    68.9   129.1   154.6   349.3   438.7   491.5   531.6   582.5   652.8   775.4  1356.7  3792.5 13852.4  87602.3    87755
read      361.7   211.6    74.4   127.4   148.6   357.4   424.5   459.8   485.6   515.7   555.1   626.7   845.2  1216.0  6809.3  14421.3    14357
read      402.0   329.6    68.9   121.5   143.2   348.8   436.8   489.7   531.6   584.6   653.6   795.9  1780.9  2540.3  7803.5  51512.0    51514
read      397.0   420.4    68.9   123.3   145.8   335.4   423.0   473.7   512.0   562.7   629.6   741.2  2144.8  4057.3 12058.7  71945.7    72102
read      387.6   350.0    68.9   126.3   149.5   335.6   419.6   469.7   509.1   559.0   626.2   735.8  1856.3  3478.5 10856.9  84760.7    84799
read      369.9   266.1    68.9   121.5   142.7   343.6   432.1   478.3   510.9   548.6   598.8   694.3  1015.5  1485.8  8356.5  21108.3    21168
read      398.4   355.3    74.4   120.9   142.4   353.8   437.6   490.4   532.9   583.8   649.5   777.2  1559.9  3113.7 12356.2  43649.0    43828
read      367.2   319.4    74.4   129.1   151.1   354.2   420.3   452.9   475.6   505.1   544.5   617.4   872.0  4664.8  8772.3  13425.3    13381
read      391.4   335.8    68.9   122.6   144.7   338.2   426.1   478.3   519.0   571.3   639.0   758.1  1856.5  3106.0  7552.0  69652.7    70057
read      389.5   400.7    68.9   126.1   148.6   359.8   446.1   490.5   523.3   562.7   613.6   716.3  1077.4  4353.8 14614.6  19357.3    19482
read      381.1   267.1    74.4   132.6   155.7   370.0   440.0   475.0   501.1   533.4   577.8   655.8   926.1  4204.0  8119.9  13759.0    13593
read      395.5   264.0    68.9   123.7   146.0   362.9   449.5   504.4   545.6   591.6   649.3   751.3  1299.3  1873.6  7640.7  31023.3    30935
read      386.0   272.6    68.9   122.7   144.8   351.9   438.4   493.4   532.9   577.6   632.7   744.4  1212.5  1532.4  8042.6  27604.3    27564
read      398.0   392.6    68.9   129.8   155.5   346.1   430.6   481.7   521.2   570.7   636.8   748.7  1451.7  4006.2 11390.9  89241.3    89146
read      373.9   410.5    74.4   131.5   155.2   356.6   419.0   450.5   472.3   502.1   541.8   612.2   822.9  5715.1 15293.6  12069.0    12015
read      367.9   364.0    74.4   130.9   154.0   350.1   411.8   444.3   467.2   497.5   538.6   614.2   845.4  5598.7 12506.2  12375.3    12458
read      429.0   336.5    68.9   127.6   152.0   381.6   472.5   528.5   571.9   624.2   692.2   849.4  1699.8  2764.2  9501.1  43167.3    43213
read      418.5   319.2    68.9   125.2   148.6   374.3   464.4   522.6   567.8   621.2   687.0   840.1  1487.7  2964.1  7922.3  34649.7    34454
read      398.9   350.7    68.9   126.3   149.9   343.5   431.0   484.6   526.0   576.8   646.0   760.9  1919.4  3725.0  7960.4  79150.0    79142
read      398.2   336.2    68.9   121.6   143.3   354.0   439.4   491.3   533.8   585.7   652.0   786.8  1552.8  2315.6 11848.0  43751.3    43458
read      397.6   360.4    68.9   121.9   143.3   339.1   429.1   479.8   518.7   568.6   636.4   766.0  2002.9  3052.3 10765.0  65435.7    65461
read      370.6   289.8    74.4   124.3   145.9   352.0   431.6   471.6   502.5   538.4   584.9   669.8   960.4  3571.5 11431.1  17947.7    17883
read      387.0   236.6    68.9   125.1   148.6   361.9   453.7   504.5   540.4   579.7   630.1   723.5  1074.8  1499.4  5725.0  21937.0    21816
read      407.7   385.8    68.9   133.8   162.2   358.3   445.9   497.1   535.6   584.3   651.9   772.6  1174.5  3859.3 12570.4  92122.7    92112
read      393.4   373.4    74.4   128.3   153.0   342.6   428.8   480.1   520.2   569.9   637.0   747.9  1472.9  3618.7 12535.5  86624.7    86516
read      393.3   370.8    68.9   126.9   151.3   339.8   425.2   474.9   514.7   565.0   633.8   745.4  1736.9  3618.4 12576.4  85698.7    85434
read      391.8   306.1    68.9   120.3   141.9   350.0   435.3   484.5   524.9   574.9   638.2   747.7  1607.1  2346.1  7289.9  49217.0    49269
read      392.4   348.8    68.9   121.3   142.6   336.9   426.9   477.0   516.0   566.1   631.2   744.9  1935.5  2885.3 10465.9  64808.0    64819
read      391.8   322.9    68.9   120.4   141.3   349.9   434.2   484.0   523.2   571.7   633.4   748.4  1559.1  2295.3  9011.0  45620.7    45466
read      399.0   368.9    68.9   123.8   146.7   339.9   431.1   485.2   525.9   577.0   645.3   771.4  1951.2  3517.1  9019.4  74569.7    74721
read      394.4   295.2    74.4   124.8   146.9   361.9   453.3   503.6   539.9   582.2   636.1   740.0  1188.1  3872.1  8104.5  22871.3    22910
read      391.9   289.5    68.9   120.7   142.2   351.0   435.2   485.4   524.5   574.1   638.2   748.2  1617.2  2344.3  4643.2  48025.7    47947
read      394.3   342.8    74.4   121.9   143.5   335.2   425.1   476.9   517.5   567.7   635.2   754.6  2039.9  3106.5  6526.5  69539.0    69579
read      392.9   339.5    68.9   120.7   141.9   338.1   428.5   479.2   518.7   567.9   633.7   750.2  1829.5  3155.5 10559.6  61682.3    61494
read      389.9   261.1    68.9   120.9   142.0   354.1   441.0   495.0   536.4   584.1   643.2   769.3  1321.4  1822.7  4882.9  32159.7    31948
read      404.0   287.9    74.4   122.9   144.8   361.9   451.3   504.9   547.7   599.7   667.6   797.8  1566.3  2197.1  5535.8  43450.3    43538
read      397.2   349.5    68.9   123.6   145.7   338.7   429.9   482.5   523.6   574.8   640.7   760.4  1986.6  3185.1  8139.9  69981.3    70090
read      366.7   357.5    80.4   138.6   166.6   352.0   402.1   430.6   451.7   475.7   508.7   571.6   775.6  4293.5 15174.5   9091.7     9010
read      420.4   366.3    68.9   125.5   148.3   364.5   459.7   514.2   556.8   610.5   680.0   811.4  1900.9  3489.2 12123.7  53117.3    53510
read      403.9   353.2    68.9   129.5   154.2   349.8   440.2   494.0   536.8   589.3   661.0   784.0  1499.3  3705.2  9249.7  84622.7    84446
read      397.0   364.9    68.9   123.3   145.5   340.2   430.5   483.9   524.2   574.6   641.8   760.6  1922.8  3365.7  9720.1  70350.3    70319
read      395.3   305.4    68.9   121.2   142.9   347.0   435.9   487.0   527.2   578.1   643.2   767.6  1733.3  2570.6  7659.2  55788.0    55737

Total QPS = 52035.7 (93664184 / 1800.0s)

Total connections = 64
Misses = 0 (0.0%)
Skipped TXs = 0 (0.0%)

RX 23135053448 bytes :   12.3 MB/s
TX          0 bytes :    0.0 MB/s
Warning! Detected max cpu usage > 95%
CPU Usage Stats (avg/min/max): 99.98%,43.37%,100.00%
