Random waveform, supplied seed
Total number of intervals = 600 (5031, 54838, 74868, 30015, 40743, 23648, 97712, 53672, 55395, 29425, 15173, 82475, 90555, 47944, 28313, 28504, 22886, 35717, 14828, 81704, 55771, 85226, 75020, 12441, 56208, 17446, 86943, 49138, 49839, 47752, 27181, 6170, 7187, 99387, 91970, 79658, 59230, 78081, 64242, 37702, 40686, 30376, 38416, 65892, 39560, 10016, 55224, 19982, 48114, 36283, 23315, 11150, 98724, 56880, 13467, 99368, 46206, 71651, 22741, 56654, 99570, 23047, 70008, 42943, 46704, 75970, 21917, 82027, 81583, 14259, 7821, 17727, 65559, 41133, 28693, 53141, 54512, 14835, 98446, 38117, 77994, 30209, 68315, 91940, 49308, 46880, 92540, 49396, 97841, 35404, 80451, 87228, 75554, 57964, 83546, 55468, 34203, 37629, 34577, 47426, 58845, 66993, 10977, 51529, 48344, 5902, 71602, 41886, 47456, 93939, 16890, 45689, 32790, 44044, 28149, 39739, 72475, 93882, 6692, 50406, 83055, 55609, 16968, 43031, 17236, 82183, 42212, 12244, 61777, 36984, 29093, 41715, 34838, 63574, 24401, 32025, 98971, 23657, 67877, 53849, 79536, 17081, 39024, 26125, 33388, 20979, 95865, 73949, 60987, 54175, 51484, 39771, 32864, 42033, 43808, 45785, 35582, 38504, 15320, 74264, 43890, 5962, 38365, 55971, 23217, 87681, 91728, 96668, 80475, 27150, 53444, 23737, 87776, 82175, 98548, 37704, 64701, 69089, 89785, 16676, 69604, 99682, 97693, 17381, 40069, 8841, 56576, 21599, 53003, 19831, 80340, 28765, 25572, 37071, 75819, 44359, 95960, 59630, 47930, 65545, 94038, 51806, 48712, 13115, 76569, 19372, 59331, 62597, 37702, 41975, 26100, 82500, 50756, 66696, 53364, 10413, 64876, 69079, 19447, 81182, 25265, 9699, 48659, 75126, 96559, 55885, 9039, 66378, 41225, 52371, 39873, 41176, 85357, 85391, 91890, 57558, 9972, 74636, 29773, 63494, 7201, 49507, 65454, 88537, 36982, 88964, 96479, 47883, 50650, 89242, 7374, 8507, 50676, 57069, 43520, 56720, 68155, 60444, 63997, 17315, 78596, 81548, 97254, 46135, 13379, 46993, 98274, 97056, 43434, 36406, 99121, 80708, 40517, 34168, 11754, 93304, 64697, 92626, 75618, 85805, 18930, 50153, 10377, 33112, 28777, 45709, 74458, 73596, 28031, 45754, 80138, 64350, 51870, 81106, 82064, 30534, 25449, 67525, 27070, 41133, 28009, 64235, 16387, 62388, 40199, 16884, 55763, 41925, 42341, 93577, 7657, 14232, 30107, 71078, 85372, 54930, 5750, 80137, 41449, 17301, 19930, 41776, 8596, 30870, 69978, 23908, 9848, 71598, 77156, 14083, 87786, 57205, 53142, 77998, 98830, 32447, 74382, 32271, 55273, 68152, 25419, 43187, 60608, 62150, 30864, 69566, 38183, 51253, 53027, 37133, 73413, 78811, 88317, 46504, 46147, 35073, 18693, 46834, 76427, 96007, 83666, 64655, 54099, 5485, 94089, 57214, 23788, 75649, 39466, 47463, 19155, 18449, 35235, 93118, 76391, 70733, 74230, 37188, 48862, 59325, 66219, 25760, 75255, 67915, 23004, 21973, 82811, 38870, 85697, 94176, 89142, 39251, 36339, 30304, 58303, 78732, 81734, 85654, 40030, 11145, 24220, 36178, 69625, 80189, 64261, 78356, 30570, 63922, 82549, 7574, 42298, 39152, 88634, 60765, 30534, 35563, 96837, 74496, 42819, 50120, 16904, 11439, 24076, 84757, 76496, 34744, 5910, 6391, 25594, 30327, 62849, 91392, 44328, 47665, 79152, 11613, 96212, 27129, 86430, 58712, 23931, 8445, 55537, 54706, 51997, 18803, 88693, 91224, 76765, 80364, 54372, 32473, 25920, 11574, 99135, 24026, 92271, 88470, 58597, 83103, 19062, 72681, 30900, 94867, 22477, 97890, 11845, 95363, 90122, 81157, 78569, 97434, 29257, 42139, 21444, 18314, 49203, 87787, 77490, 16464, 23314, 88655, 28245, 40610, 77039, 35056, 26782, 53121, 15035, 33766, 99826, 49516, 25895, 64849, 79516, 55109, 69984, 34454, 64785, 43963, 90279, 62151, 46958, 82432, 45518, 97055, 28977, 72436, 5078, 81357, 28531, 87140, 36881, 12972, 41961, 76602, 93251, 35269, 86366, 29241, 57116, 81511, 45059, 75774, 61736, 8949, 66290, 82937, 74263, 25664, 64314, 23804, 66356, 49506, 54758, 72283, 95641, 24157, 15088, 73735, 75655, 44689, 37890, 50565, 81326, 75641, 97055, 26336, 63820, 85404, 18025, 42168, 37351, 31615, 46356, 24714, 67626, 15739, 87755, 14357, 51514, 72102, 84799, 21168, 43828, 13381, 70057, 19482, 13593, 30935, 27564, 89146, 12015, 12458, 43213, 34454, 79142, 43458, 65461, 17883, 21816, 92112, 86516, 85434, 49269, 64819, 45466, 74721, 22910, 47947, 69579, 61494, 31948, 43538, 70090, 9010, 53510, 84446, 70319, 55737)
Average QPS expected = 52043
Timestamp start: 1622180713351
Timestamp end: 1622182513945

#type       avg     std     min      p5     p10     p50     p67     p75     p80     p85     p90     p95     p99    p999   p9999      QPS   target
read      607.7  2009.4    80.4   164.1   202.7   331.1   392.5   431.7   463.4   502.7   572.8  1211.2  6995.8 32020.9 49695.0   5004.7     5031
read      808.3  2151.2    74.4   132.5   161.3   397.1   508.1   586.8   668.3   849.2  1435.1  2217.6 11278.3 31416.6 37637.0  54555.3    54838
read      905.9  2442.8    74.4   245.6   311.5   487.5   576.8   647.4   709.7   796.7   923.7  1165.9 12613.6 31880.6 37780.7  74573.0    74868
read      485.9   534.3    74.4   124.3   145.6   356.5   467.2   548.7   622.3   784.6  1114.9  1366.6  1838.9  4031.0 12928.8  29958.0    30015
read      638.0  1272.3    74.4   125.9   151.3   394.2   508.8   596.3   675.6   846.5  1388.4  1941.7  4023.7 21128.0 35667.9  40763.0    40743
read      578.1  1323.4    74.4   120.9   142.5   355.7   475.6   558.9   643.1   852.2  1053.1  1280.3  4476.4 19506.9 32439.2  23645.0    23648
read      738.8   587.4    80.4   374.0   406.5   529.9   639.6   839.6   942.5  1069.2  1521.8  1823.7  2599.4  4838.0 16700.9  97794.3    97712
read      430.4   668.9    68.9   120.5   143.4   349.9   436.5   487.5   528.7   582.2   657.9   829.5  2064.3  7860.9 30349.8  53742.7    53672
read      459.4   786.5    74.4   121.0   143.2   350.8   441.9   494.3   538.4   597.5   678.3   935.2  2671.9  8392.2 31723.0  55505.0    55395
read      475.6   691.6    74.4   121.2   142.1   348.4   447.1   520.4   578.5   664.0   965.6  1282.5  2408.9  6319.1 31342.1  29440.7    29425
read      533.5   843.8    80.4   126.9   152.0   397.8   564.7   679.1   748.6   817.8   899.1  1043.2  2766.7  9421.5 31746.7  15273.0    15173
read      775.1   788.3    74.4   309.5   365.1   506.5   635.7   861.4  1000.3  1501.5  1685.8  1961.6  2947.5  7610.2 29158.2  82393.7    82475
read      448.7   660.9    74.4   138.9   172.2   381.3   457.8   503.4   541.5   597.5   688.9   831.3  1928.1  8670.3 30804.0  90923.0    90555
read      439.5   745.2    74.4   119.5   141.7   352.3   436.8   487.1   528.1   581.7   652.9   811.5  2326.2  9063.1 31710.1  48161.7    47944
read      527.1  1038.5    74.4   118.2   139.3   346.2   447.8   524.4   586.1   695.0  1107.5  1383.1  3008.0 14129.2 31992.3  28397.7    28313
read      539.1   709.9    74.4   115.6   134.6   341.2   463.6   574.5   812.5  1165.2  1328.2  1502.7  1913.9  7366.6 30946.9  28490.7    28504
read      645.0  1551.8    74.4   117.1   138.1   356.9   506.3   699.8   931.2  1058.1  1178.5  1354.8  5557.9 29046.4 35226.3  23095.7    22886
read      517.5   784.8    74.4   119.7   140.8   353.3   451.1   525.0   589.9   697.2  1201.0  1576.0  2640.9  7531.6 31014.5  35910.7    35717
read      494.6   932.1    74.4   124.9   148.0   371.0   495.2   582.3   658.5   738.0   825.4   944.7  2857.3 12241.6 36867.5  14742.7    14828
read      816.0  1246.8    80.4   332.7   381.6   521.2   597.1   741.2   874.8   993.7  1205.8  2325.4  5502.3 13074.3 37052.6  81822.0    81704
read      425.0   637.4    74.4   122.4   144.8   348.4   438.4   490.4   532.3   585.7   655.5   798.4  2110.3  6350.4 30841.3  55881.7    55771
read      436.3   670.3    74.4   130.9   158.7   361.9   442.3   491.8   532.5   588.4   669.9   804.9  2350.6  8571.9 30920.7  85455.7    85226
read      454.1   812.5    68.9   127.4   153.0   360.7   446.5   499.4   542.0   598.4   681.6   822.1  2867.5 10722.9 31842.1  75041.7    75020
read      518.5  1417.5    74.4   122.9   145.4   349.6   446.4   509.4   568.1   638.5   725.1   859.7  3651.2 27291.5 36701.0  12527.7    12441
read      480.4   719.9    74.4   120.6   143.6   346.6   436.2   493.2   541.0   609.4   725.0  1579.5  2583.8  8379.2 30319.1  56047.0    56208
read      539.5  1161.1    80.4   121.9   144.9   359.1   480.9   569.5   662.7   774.3   899.3  1093.1  3660.9 12558.4 37238.5  17494.3    17446
read      669.7   771.5    74.4   199.0   282.4   489.7   556.3   668.9   830.2   969.4  1436.1  1773.3  2682.2 12036.4 29899.0  86884.0    86943
read      438.1   841.7    74.4   118.9   140.3   345.4   431.3   479.8   520.3   572.5   641.3   808.8  2119.5 12378.7 31875.9  49093.7    49138
read      417.5   617.7    74.4   118.9   139.8   344.3   429.2   477.2   517.6   572.0   640.9   778.6  1930.3  9638.7 28986.6  50039.0    49839
read      442.2   752.6    74.4   120.7   142.6   350.1   435.0   487.0   529.6   584.5   660.6   859.5  2169.0  9647.0 32055.5  47691.0    47752
read      485.5   751.3    74.4   121.7   143.8   353.5   457.9   529.5   589.0   688.9   960.5  1292.0  2183.0  6263.0 35994.9  27150.3    27181
read      689.4  2555.8    86.8   141.6   182.8   326.8   398.5   442.8   473.4   512.4   570.1   823.3 11049.3 32120.0 37534.6   6192.0     6170
read      679.9  2482.2    80.4   136.4   173.8   335.2   421.6   470.0   502.5   541.2   597.0   795.3 13535.8 32007.0 37473.8   7173.3     7187
read      781.3   936.6   101.3   373.7   399.6   512.6   648.3   861.6   954.5  1130.0  1593.6  1909.8  3001.5 10867.9 32281.9  99092.7    99387
read      569.8   536.8    74.4   311.9   361.4   481.9   535.2   596.4   679.7   796.7   886.3   979.4  1364.6  6394.2 28211.7  91773.7    91970
read      433.4   686.9    68.9   127.8   152.7   356.4   438.1   486.9   527.4   584.0   664.8   802.1  2577.7  7026.3 31572.3  79512.7    79658
read      465.1   869.2    74.4   123.5   147.6   361.8   452.0   506.8   552.4   610.2   687.2   874.7  2406.8 11574.3 32055.8  59168.0    59230
read      458.5   698.0    74.4   131.6   159.7   372.9   458.7   512.0   556.1   616.5   703.2   870.4  2593.7  7376.3 30729.4  78099.0    78081
read      449.9   717.1    74.4   123.9   147.1   350.3   440.8   492.7   534.5   590.1   673.2   856.1  2570.9  9450.8 30765.9  64152.7    64242
read      434.8   682.1    74.4   119.2   140.2   351.4   436.1   490.4   534.1   587.7   662.5   868.5  1990.4  7564.8 31500.5  37829.0    37702
read      427.0   533.4    74.4   118.9   139.7   349.3   435.3   491.1   536.8   593.1   673.5   936.3  1948.3  5785.3 16232.0  40634.7    40686
read      483.0   654.8    74.4   117.4   138.2   339.7   439.9   518.3   587.4   740.9  1113.3  1367.2  2087.2  6446.7 30570.8  30361.0    30376
read      512.6  1018.2    74.4   115.7   135.2   336.0   427.0   492.0   549.4   643.3  1224.4  1604.0  2345.5 18015.1 32211.4  38351.3    38416
read      428.4   591.5    68.9   122.5   146.0   351.9   441.9   493.5   534.4   587.6   663.1   821.1  2271.5  6581.8 30481.0  66032.7    65892
read      463.1   925.0    74.4   119.3   140.8   353.5   439.1   492.6   536.4   590.9   667.1   913.9  2551.6 12124.7 31939.5  39416.0    39560
read      493.5  1147.9    80.4   126.8   152.2   352.8   458.4   525.9   572.9   627.8   694.8   815.6  3612.5 13781.5 32531.2   9973.3    10016
read      485.5   730.3    74.4   120.7   144.7   349.2   440.1   497.4   546.3   617.2   739.5  1630.6  2728.2  7253.1 30620.0  55109.7    55224
read      467.6   660.1    74.4   120.1   142.7   342.3   462.4   541.7   617.9   745.8   888.0  1061.5  2297.4  8173.7 30576.8  20138.7    19982
read      482.5   654.1    74.4   116.7   137.5   331.0   422.6   482.9   537.9   621.7   912.3  1728.1  2292.3  6983.3 15983.7  48251.3    48114
read      444.8   767.5    74.4   119.5   141.2   352.0   438.8   494.9   539.6   593.7   671.8   942.3  2062.4  8509.7 31874.0  36458.3    36283
read      490.0   765.5    74.4   119.3   140.2   339.3   460.4   547.8   640.9   823.0   981.0  1161.7  2749.2  7303.6 35964.4  23390.7    23315
read      719.3  2257.1    80.4   125.8   152.4   374.1   505.2   581.9   632.6   690.1   771.9  1137.9  9945.4 31939.3 37877.9  11108.0    11150
read      711.4  1004.0    80.4   353.2   386.3   504.1   580.4   703.5   840.3   930.7  1066.2  1676.6  3237.0 12615.1 33815.6  98419.0    98724
read      435.5   714.0    74.4   121.7   144.7   350.9   439.1   490.6   531.8   585.8   666.5   821.1  2226.7  8847.5 31103.4  57008.0    56880
read      489.7   974.1    74.4   124.1   146.9   361.2   477.6   565.7   635.3   709.7   792.6   927.3  3033.6  8765.5 32513.5  13599.7    13467
read      730.9   755.7    80.4   359.6   392.1   509.0   612.6   804.8   900.5   997.8  1474.0  1821.7  2942.1  7985.5 30636.7  99515.7    99368
read      471.4   799.1    68.9   120.5   143.3   379.6   476.4   538.5   588.8   650.8   734.7   999.4  2031.8  8512.7 36459.6  46444.0    46206
read      477.9   866.8    74.4   128.9   155.7   372.5   464.2   515.4   557.3   615.4   701.1   900.5  2829.1 10842.6 31894.7  71506.7    71651
read      479.6   610.5    74.4   119.9   142.2   347.9   471.5   555.2   637.9   796.8   955.9  1135.2  2308.8  7236.2 26060.4  22553.3    22741
read      576.0   780.0    74.4   125.7   153.4   394.8   501.3   569.0   625.5   732.9  1548.3  1880.4  2845.3  7343.1 30836.2  56369.7    56654
read      485.7   629.1    74.4   153.7   198.6   418.4   493.5   546.3   595.4   668.3   771.4   924.6  1691.3  7588.8 30869.0  99544.0    99570
read      476.9   772.9    74.4   117.9   138.6   333.7   447.5   524.8   600.1   786.9   951.1  1125.1  2768.3  7752.6 32025.6  22992.0    23047
read      605.9  1000.4    74.4   134.3   170.8   413.1   497.4   566.3   647.7   788.6  1419.3  1776.0  3223.4 12166.8 32359.4  70036.7    70008
read      424.9   611.5    74.4   118.3   139.4   345.3   429.5   482.2   527.1   583.7   662.4   930.8  1865.6  7227.1 30743.3  42758.3    42943
read      449.8   686.6    74.4   120.5   142.7   357.0   447.9   503.2   547.7   607.1   690.9  1031.6  2123.9  6790.3 31193.4  46571.7    46704
read      467.5   825.0    74.4   130.7   158.4   369.8   460.8   515.2   559.5   618.1   698.6   858.6  2724.4 11985.1 31741.8  75897.3    75970
read      447.2   637.1    74.4   117.7   138.9   338.2   448.6   519.1   577.6   681.3   863.5  1065.8  1701.8  6992.5 31203.3  21930.7    21917
read      767.4   982.2    80.4   281.2   352.8   507.8   626.0   755.7   880.0  1026.7  1517.1  2126.8  3919.2 13054.0 30981.4  82167.3    82027
read      449.7   830.9    74.4   130.6   158.8   362.3   443.4   493.4   535.6   593.1   676.9   819.8  2539.8 11208.2 32240.1  81809.3    81583
read      466.8   630.2    74.4   124.5   147.7   362.7   479.3   566.2   641.7   725.4   821.1   962.1  1843.9  7771.1 28653.4  14368.0    14259
read      679.5  2159.6    74.4   131.6   165.6   352.9   451.4   502.8   541.9   591.6   681.2  1262.1  8991.7 31755.2 37805.4   7908.7     7821
read      753.9  2375.5    68.9   122.5   148.4   381.3   549.0   695.3   782.8   864.2   960.9  1165.0  9014.6 35210.4 43919.9  17670.3    17727
read      590.5   991.5    74.4   133.5   165.4   398.9   487.2   553.8   627.8   736.5  1046.5  1796.9  3289.8 12366.8 33718.3  65411.0    65559
read      444.0   878.8    74.4   119.6   141.5   350.8   431.8   482.3   525.1   577.8   643.8   798.1  2030.4 12893.9 32062.7  41213.7    41133
read      470.0   768.0    74.4   116.1   136.2   330.7   432.6   510.1   578.3   741.7  1060.6  1265.9  1623.1 10834.7 31533.4  28787.7    28693
read      493.5   796.7    74.4   121.0   144.4   347.7   439.7   497.8   548.5   619.3   739.4  1693.6  2578.9  8388.2 31323.6  53166.3    53141
read      439.7   648.3    68.9   121.7   144.4   351.1   442.2   494.8   537.8   593.0   670.2   848.3  2301.2  6488.9 31258.4  54689.0    54512
read      470.1   979.7    74.4   122.5   145.0   345.0   447.7   507.8   567.8   656.7   763.8   902.0  2666.8 12939.5 32129.3  14862.7    14835
read      727.8   798.2    80.4   345.0   385.6   502.7   578.0   797.2   910.1  1010.6  1511.4  1870.7  2775.1  8065.6 31242.3  98252.3    98446
read      435.9   761.3    74.4   117.9   138.3   345.6   431.1   483.4   527.1   582.1   657.0   861.0  2197.5 10001.4 31128.2  38100.3    38117
read      458.4   700.2    74.4   129.3   156.9   367.6   457.6   512.5   558.3   617.2   696.6   866.2  2756.2  7275.2 31290.4  77879.3    77994
read      457.0   742.4    68.9   116.1   135.9   334.8   427.0   493.5   547.4   626.2   874.0  1254.2  1933.8  8696.5 31294.7  30344.3    30209
read      507.7   793.1    74.4   126.8   154.2   374.7   462.9   518.1   569.5   638.9   761.7  1393.1  3110.1  9279.1 31038.0  68354.3    68315
read      444.3   611.7    74.4   137.4   170.1   378.6   461.0   510.7   551.4   608.5   691.6   832.4  1778.1  7693.8 30503.1  91519.3    91940
read      435.1   713.8    74.4   120.3   143.1   355.2   444.3   498.4   541.0   593.0   663.8   818.3  1985.2  7582.9 31600.7  49331.3    49308
read      450.0   774.8    74.4   120.5   142.6   355.8   447.4   501.8   545.2   601.0   679.1   869.4  2336.2 11297.7 31436.4  46982.0    46880
read      508.6   691.2    74.4   151.1   194.9   438.7   526.6   582.7   628.1   683.3   774.3   972.2  1777.1  7507.2 31184.6  92676.0    92540
read      438.1   705.8    68.9   119.7   142.0   352.7   441.3   493.2   535.6   587.5   660.4   837.4  2333.3  6550.6 31697.4  49545.3    49396
read      569.0   763.9    74.4   190.0   253.8   490.8   583.9   634.9   678.8   747.2   866.0  1066.0  1519.0 10171.6 31645.3  97739.7    97841
read      411.6   564.7    74.4   118.2   139.7   348.6   431.2   483.7   525.9   579.0   643.9   793.6  1637.9  6685.0 29275.5  35448.0    35404
read      489.0   853.9    68.9   134.8   165.9   384.8   467.8   518.4   563.6   629.6   727.7   925.5  2867.1 11269.3 31766.8  80494.3    80451
read      461.7   728.9    68.9   138.3   170.8   381.9   469.4   522.1   564.3   619.8   698.7   863.1  2046.6  8695.2 30980.4  87153.3    87228
read      441.6   744.2    74.4   127.5   152.4   353.9   437.9   487.2   528.2   584.0   664.5   810.0  2529.0 11383.6 31726.1  75479.7    75554
read      449.2   813.9    74.4   123.4   146.6   353.3   444.1   496.0   537.6   591.3   667.8   838.4  2368.3  9694.6 32295.1  58077.7    57964
read      438.5   750.0    74.4   129.8   157.0   358.2   438.7   487.0   526.6   581.7   662.5   799.7  2389.0 10885.4 31753.2  83470.3    83546
read      439.8   510.7    68.9   122.8   146.1   357.0   453.0   509.4   555.1   614.6   695.5   938.1  2207.0  5059.4 14106.2  55728.3    55468
read      433.1   755.3    74.4   119.4   141.8   349.0   433.1   489.7   535.6   591.8   669.3   896.5  1810.7  6971.0 31154.1  34123.0    34203
read      448.2   834.7    74.4   119.5   141.2   349.2   434.9   490.0   534.9   589.5   665.8   908.7  2279.1 11448.8 31968.6  37680.0    37629
read      427.4   679.7    74.4   119.4   140.9   348.5   432.1   486.3   530.2   583.7   656.2   857.6  1769.1  8079.5 31390.1  34716.0    34577
read      436.2   725.2    68.9   118.6   140.3   347.1   433.2   483.7   525.1   579.4   652.2   834.6  2481.9  7276.1 32341.9  47369.7    47426
read      448.9   700.3    74.4   122.2   144.9   355.6   447.8   500.8   544.6   601.6   682.3   884.7  2489.7  6638.2 31933.9  58852.0    58845
read      471.1   845.7    74.4   126.0   151.2   360.7   448.6   502.0   545.7   606.4   690.2   899.7  2841.2 10567.1 31497.3  66887.3    66993
read      544.8  1564.6    80.4   123.8   147.5   335.7   423.6   483.1   539.4   612.8   703.2   933.3  4874.1 30586.8 39012.3  10969.7    10977
read      551.8  1069.9    74.4   119.6   142.3   349.3   444.7   508.5   571.8   672.3  1323.2  1903.4  2742.3 15421.1 34873.5  51522.0    51529
read      424.5   693.5    74.4   119.1   140.4   340.6   427.8   479.2   521.2   574.4   642.6   818.4  2018.8  8142.0 31546.3  48610.0    48344
read      565.4  1957.5    86.8   142.5   179.5   302.0   361.1   399.3   427.7   464.0   523.2   847.0  7384.5 31339.1 46395.6   5957.0     5902
read      825.9  1095.2    74.4   202.0   287.5   483.3   680.7   972.5  1482.5  1634.0  1771.1  2059.8  3168.1 12421.2 32002.8  71124.7    71602
read      411.1   554.3    74.4   116.8   137.7   340.1   422.4   471.2   514.3   567.8   639.4   842.6  1743.0  6624.0 28911.1  41799.0    41886
read      424.3   726.0    74.4   117.8   139.0   344.1   429.7   477.3   517.9   571.7   640.2   805.1  1920.4  9493.2 31698.1  47335.7    47456
read      463.1   656.8    74.4   142.8   178.3   392.1   469.8   515.5   555.1   615.6   708.4   869.2  2266.3  8663.1 29948.2  93987.3    93939
read      444.1   719.4    74.4   121.3   143.6   346.1   454.4   518.1   579.9   676.3   797.5   945.5  1680.7  7642.0 32152.9  16930.0    16890
read      495.8   778.2    68.9   120.0   142.3   351.1   445.8   505.7   560.5   635.4   808.7  1585.3  2730.7  8147.6 32066.5  45532.7    45689
read      432.7   513.0    74.4   118.3   139.7   340.9   427.6   487.5   536.9   599.6   703.9  1137.5  1920.3  6234.6 12480.5  32734.0    32790
read      502.3   922.0    68.9   119.2   140.2   345.2   436.6   496.3   547.2   620.3   793.1  1606.4  3109.9  9058.3 35345.2  43808.7    44044
read      533.2  1043.5    68.9   119.6   141.8   345.3   456.2   539.5   617.6   813.6  1079.5  1334.4  3396.9 12184.9 35304.4  28097.3    28149
read      509.9   751.1    74.4   117.0   136.7   340.2   433.7   502.3   562.5   657.5  1259.0  1672.1  2580.6  7675.3 30501.3  39719.0    39739
read      426.5   627.6    74.4   125.8   149.7   354.0   441.4   493.7   535.4   589.5   668.2   803.8  2022.6  6708.6 30547.7  72298.3    72475
read      473.6   502.6    74.4   150.3   190.8   415.2   498.1   550.4   595.4   659.3   752.5   924.9  1495.4  5513.8 16070.2  93872.3    93882
read      470.6  1614.6    80.4   134.0   167.3   298.9   354.2   391.2   420.9   458.2   509.8   620.1  3480.5 29504.2 42052.0   6702.3     6692
read      523.7   863.3    74.4   121.4   145.0   359.9   453.5   515.1   572.6   653.8   881.0  1724.4  2885.0 10085.4 31668.0  50059.7    50406
read      459.7   778.1    74.4   132.6   162.4   377.7   467.9   519.6   558.2   608.8   687.9   861.5  2352.4 10353.0 32176.4  82992.7    83055
read      436.8   706.6    68.9   121.4   144.3   350.1   438.6   490.2   531.9   586.8   663.1   834.4  2171.4  8611.8 31490.3  55763.3    55609
read      499.1   769.7    74.4   123.4   148.0   363.4   497.2   594.8   690.4   786.9   891.8  1053.3  3038.6  7302.8 32017.9  17006.0    16968
read      478.8   688.2    74.4   116.6   137.2   338.1   430.9   492.3   547.1   626.1   834.0  1589.6  2303.7  6926.0 30581.4  42901.3    43031
read      518.0   934.1    74.4   122.4   147.0   362.4   498.5   604.3   698.9   792.6   892.9  1043.0  3149.6  8641.2 31984.2  17185.3    17236
read      744.3   772.7    74.4   249.6   334.0   501.3   602.4   820.6   951.6  1384.3  1656.4  1940.7  2893.3  7152.8 30682.0  82155.0    82183
read      428.1   695.8    74.4   117.9   140.3   350.8   432.8   483.2   524.3   576.3   643.5   803.0  1932.5  7958.0 31364.7  42211.0    42212
read      562.1  1543.9    80.4   123.1   146.3   347.3   455.0   527.1   587.1   654.1   739.9   936.3  5949.0 30467.9 32318.6  12233.7    12244
read      587.5   900.2    74.4   128.9   159.1   392.6   485.9   550.3   617.3   735.2  1058.0  2155.1  3190.5  8876.6 31552.3  61744.3    61777
read      423.0   550.5    74.4   119.2   140.6   346.6   431.9   487.9   532.2   586.2   664.2   902.2  1859.1  6637.4 30291.6  37068.0    36984
read      570.6  1157.4    74.4   121.3   144.0   355.7   474.4   567.3   669.6   970.5  1206.4  1454.5  3449.0 15548.1 37562.7  29325.3    29093
read      535.3  1042.6    74.4   117.0   138.7   342.7   435.9   501.7   559.2   649.6  1121.0  1695.7  3356.3 14390.3 32120.4  41829.0    41715
read      421.7   693.1    68.9   118.5   139.9   344.7   427.7   482.5   528.3   583.8   658.6   899.8  1763.6  5671.4 38172.5  34850.7    34838
read      445.4   706.6    74.4   124.0   147.6   353.2   443.2   497.9   541.2   597.8   679.3   866.9  2334.4  8072.5 31275.6  63435.0    63574
read      533.0   895.2    74.4   120.6   142.9   346.0   469.8   558.5   661.3   882.4  1059.5  1302.6  3426.1 10153.8 36998.4  24450.0    24401
read      660.4  1622.0    74.4   118.5   140.0   353.4   474.9   584.0   835.6  1237.3  1437.5  1693.7  4323.7 31319.3 43301.0  32170.3    32025
read      715.5   772.8    80.4   325.6   383.6   526.3   615.3   761.0   887.9  1011.3  1276.3  1739.0  2587.7  9913.9 30720.8  99066.7    98971
read      562.3  1115.1    74.4   122.2   143.8   355.3   477.3   563.6   642.7   827.9  1058.3  1350.0  4068.3 14189.4 32512.1  23636.3    23657
read      679.0   836.3    74.4   146.0   192.2   435.8   543.5   679.5   826.6  1423.0  1684.4  1992.9  2897.8  8137.4 30594.0  68091.3    67877
read      455.2   816.3    74.4   120.9   144.5   355.0   442.0   495.2   537.5   590.8   669.3   856.9  2579.8 11163.0 31613.1  53589.0    53849
read      444.9   694.7    68.9   129.1   156.2   359.3   442.6   493.0   535.9   594.1   679.3   827.0  2724.8  7982.1 31107.7  79197.3    79536
read      461.9   856.9    74.4   120.7   142.9   340.0   443.4   504.5   558.4   652.0   791.9   959.1  2378.8 11871.2 31624.6  17025.3    17081
read      581.2  1196.0    74.4   120.2   142.8   354.5   451.3   523.3   589.2   709.5  1282.7  1755.1  4167.9 11944.7 32446.5  38712.7    39024
read      474.9   531.4    74.4   120.7   141.9   340.3   458.8   551.3   650.7   875.8  1043.2  1225.2  1644.3  5900.7 14762.2  26046.7    26125
read     2662.1 19336.6    74.4   181.9   281.5  1569.7  2289.5  2960.9  3597.2  4278.6  4922.0  5959.9 30457.7 39535.2 1678191.9  33233.7    33388
read     8791.7 106366.7    93.8   335.4   368.0   792.6  1616.1  1724.1  1816.0  1940.1  2107.1  2570.2 27167.6 1665355.0 1767880.0  21032.0    20979
read     1128.0   864.5   109.4   358.4   384.0   782.0  1606.2  1711.5  1801.0  1925.0  2075.5  2303.2  3111.0  6518.4 27166.2  96081.3    95865
read     1127.9  1064.7    93.8   358.5   384.7   699.6  1546.7  1678.2  1795.4  1956.7  2173.2  2706.9  3223.8 10962.8 33135.1  73942.3    73949
read     1143.2  1564.9   101.3   360.9   388.4   593.3  1031.7  1589.1  1747.1  1984.0  2482.7  3089.1  5045.4 18727.1 44036.9  61092.3    60987
read      877.4  2306.1    93.8   359.4   390.7   506.5   614.4   756.1   857.6   939.7  1095.0  1869.4  4924.6 35269.7 54076.0  54032.0    54175
read      552.6  1109.1    80.4   176.7   246.6   453.4   524.6   591.9   666.8   758.9   856.8   976.1  1369.8 19435.5 36286.3  51529.0    51484
read      433.4   708.2    74.4   119.2   139.2   348.5   436.8   492.7   539.2   598.1   679.7   842.6  1965.3  7676.1 31593.2  39854.7    39771
read      434.9   700.6    74.4   119.3   140.7   347.0   431.5   485.1   528.2   583.4   657.6   911.5  2291.1  8185.1 30949.2  32816.3    32864
read      412.4   480.4    74.4   119.9   141.2   347.5   429.0   479.7   521.4   574.5   645.8   811.9  1872.1  4412.9 19567.1  42039.0    42033
read      431.0   645.9    74.4   119.9   141.9   351.1   439.8   492.2   536.1   590.5   666.6   865.2  1933.7  8532.0 30272.5  44052.3    43808
read      450.9   886.7    68.9   118.5   140.7   350.5   436.1   487.4   530.5   585.3   661.3   856.6  2149.4 11475.7 33278.5  45700.3    45785
read      399.8   419.9    74.4   120.2   141.0   342.3   422.4   471.4   513.5   567.2   633.3   787.6  1596.7  5717.1 10040.9  35584.7    35582
read      451.0   816.0    74.4   120.7   142.5   353.5   436.8   492.0   537.1   594.5   677.2   951.0  2127.0 11589.1 32109.9  38703.7    38504
read      463.6   776.1    74.4   123.0   145.8   355.8   476.0   564.6   639.8   718.7   804.5   921.8  2059.1  9107.0 31835.4  15249.3    15320
read      693.5   952.4    68.9   155.7   213.0   454.9   561.3   694.6   847.0  1320.7  1646.8  1916.0  2870.6 11553.4 32215.1  74024.7    74264
read      473.1   935.0    74.4   120.7   143.3   359.6   447.8   502.0   548.3   607.9   695.0  1048.2  2471.5 12717.8 32418.1  43816.3    43890
read      415.3  1049.3    80.4   143.0   180.1   301.7   365.9   403.8   430.3   462.2   506.1   602.1  3223.6 10185.1 32343.1   6089.3     5962
read      502.2   753.1    74.4   117.1   137.6   340.1   435.8   503.0   566.1   668.0  1273.4  1629.7  2195.3  7303.3 31066.9  38311.7    38365
read      448.9   930.2    74.4   119.5   142.3   346.7   432.4   482.0   523.0   577.3   653.7   831.3  2384.1 13480.3 38168.6  55901.0    55971
read      464.5   623.4    74.4   116.7   136.7   335.6   447.9   526.8   594.9   777.5   972.8  1150.7  1785.6  6946.6 24016.1  23142.0    23217
read      634.2   875.7    74.4   184.2   258.5   479.3   554.4   630.4   724.3   874.7  1020.4  1643.5  2705.8 12655.2 31416.3  87713.7    87681
read      437.1   575.8    74.4   138.6   171.9   376.8   459.0   508.6   548.7   604.7   680.7   805.9  1397.3  7226.8 28149.7  91906.7    91728
read      485.4   592.5    74.4   152.8   194.4   427.1   509.0   562.1   606.8   666.2   750.8   933.1  1484.1  8802.2 28535.3  96939.0    96668
read      452.7   746.2    74.4   130.4   158.7   366.5   451.8   504.3   545.4   600.4   678.1   815.0  2593.9 10563.7 30718.3  80807.7    80475
read      489.8   895.2    74.4   118.3   139.6   337.2   441.6   517.3   580.9   721.1  1005.4  1237.0  2257.9 12374.5 31817.8  27017.7    27150
read      564.3   739.2    74.4   123.0   149.1   380.2   483.7   560.7   625.0   735.7  1446.9  1905.7  2876.8  6786.7 24518.3  53466.3    53444
read      494.3   628.8    74.4   120.3   143.1   352.6   477.1   567.9   656.8   852.2  1026.3  1213.4  2095.0  7776.8 20310.1  23741.0    23737
read      772.3   659.3    86.8   373.0   399.8   510.4   640.1   896.8   997.7  1483.6  1654.7  1937.4  2693.9  5196.3 21331.6  88040.0    87776
read      451.8   662.6    74.4   136.7   168.6   381.4   463.6   510.9   551.5   610.6   696.3   848.9  2098.8  7863.8 30563.1  82406.7    82175
read      524.3   711.3    68.9   165.0   216.4   462.6   541.7   584.2   620.2   677.6   803.5  1003.1  1411.7  8162.9 31525.5  98605.0    98548
read      435.6   643.8    74.4   119.4   140.7   350.4   436.0   493.1   538.4   594.3   676.8   942.7  2039.8  9634.8 30393.2  37690.7    37704
read      442.3   679.8    74.4   124.1   147.7   353.6   443.6   495.0   537.4   594.0   677.5   866.9  2425.9  7754.4 30422.3  64829.3    64701
read      462.4   818.8    74.4   127.5   152.9   362.5   448.8   500.2   543.6   602.1   687.1   852.7  2733.3  9696.3 32059.1  69306.0    69089
read      498.1   789.0    74.4   149.4   188.5   419.3   507.5   567.2   612.0   667.4   751.8   917.7  1704.4 10878.1 32116.9  89822.0    89785
read      445.0   579.3    74.4   121.2   144.1   348.7   462.4   540.7   616.6   709.6   811.2   938.8  1665.2  6934.6 30144.4  16585.3    16676
read      762.5  1086.5    74.4   163.5   228.6   469.2   606.0   774.8   976.9  1522.8  1740.6  2139.8  3136.4 12774.6 32123.4  69415.7    69604
read      487.8   683.3    74.4   153.9   196.4   414.2   494.4   558.3   615.7   678.0   754.8   900.4  1585.7  8222.9 30707.7  99500.3    99682
read      511.1   627.7    74.4   160.1   207.6   439.6   538.2   608.1   654.5   707.0   784.7   946.5  1465.9  8800.7 30383.8  97369.3    97693
read      488.9   998.0    74.4   119.9   141.5   342.9   458.3   536.5   617.2   727.5   842.6   989.8  3312.4 11575.2 35502.4  17322.0    17381
read      466.1   613.9    74.4   117.6   138.6   339.8   429.6   491.8   544.5   620.1   824.6  1506.4  2089.1  6761.5 20191.0  40012.3    40069
read      485.6  1209.4    80.4   130.3   159.6   338.7   430.3   491.1   535.6   587.1   656.5   801.2  4012.0 24157.8 35431.8   8912.3     8841
read      447.3   501.5    74.4   119.9   142.7   335.5   425.3   479.1   524.3   585.4   684.3  1515.2  2448.8  3908.7  8151.2  56482.3    56576
read      450.8   472.3    74.4   119.6   142.4   343.2   460.1   539.3   619.3   771.2   914.3  1076.6  1441.4  6355.3 11529.8  21513.0    21599
read      497.6   722.1    74.4   120.8   143.8   347.5   438.7   499.8   551.6   628.9   808.5  1809.7  2490.3  6637.4 30905.8  52596.7    53003
read      533.6  1109.8    74.4   123.5   146.7   354.9   489.1   593.6   720.6   851.9   970.8  1153.9  2842.6 13560.6 35264.4  19672.0    19831
read      732.5   933.6    74.4   219.4   304.9   500.7   605.6   755.0   889.2  1084.7  1613.7  1948.2  2876.6 13106.1 31315.8  80149.7    80340
read      410.3   698.3    74.4   118.3   139.6   337.0   419.8   472.5   514.6   566.2   631.2   819.1  1443.4  9077.9 31223.8  28788.0    28765
read      415.1   787.8    74.4   117.7   138.1   331.6   415.4   470.3   509.0   556.7   618.2   791.7  1892.9  8576.6 36143.4  25460.0    25572
read      437.6   716.5    74.4   119.8   141.1   347.6   431.9   485.4   530.7   586.9   664.1   944.6  2202.2  7379.4 31806.6  36878.7    37071
read      435.5   514.8    74.4   129.5   155.2   360.5   446.9   499.0   542.4   600.1   684.5   851.2  2251.1  5058.0 19778.1  76121.3    75819
read      423.5   573.5    74.4   120.9   142.6   350.2   436.2   488.7   531.2   586.5   663.4   860.7  1864.4  6529.5 21801.5  44319.0    44359
read      475.0   663.2    74.4   151.4   192.5   406.8   479.6   527.0   569.5   633.9   736.8   888.8  2026.7  5942.0 30657.2  95747.3    95960
read      467.1   755.2    74.4   125.0   149.3   365.5   457.1   510.1   553.6   612.6   695.1   916.1  2777.8 10612.1 31034.3  59475.0    59630
read      431.7   698.7    74.4   119.9   142.1   352.6   440.7   492.8   534.3   586.6   658.6   812.9  2000.8  7300.6 31428.0  47918.3    47930
read      453.6   764.0    74.4   123.7   148.0   355.1   442.4   493.4   536.0   593.9   676.1   870.4  2505.0 10759.0 31303.7  65594.3    65545
read      474.9   730.5    74.4   146.9   185.5   406.1   487.8   538.8   582.2   638.5   724.1   885.4  1429.2 12028.7 31511.5  93968.7    94038
read      418.2   514.6    68.9   120.2   142.1   348.2   435.2   485.7   527.2   580.8   654.5   816.6  1977.4  4955.0 15811.2  51745.3    51806
read      457.3   866.2    68.9   119.6   142.6   354.7   442.6   494.2   536.7   590.0   665.5   844.1  2615.9 11220.5 32000.6  48838.3    48712
read      364.1   707.8    74.4   120.2   139.6   309.9   378.3   414.2   439.6   469.7   517.8   643.5  1165.8  9328.0 36286.5  13118.0    13115
read      436.2   664.6    74.4   126.4   151.9   356.0   440.9   490.9   532.3   588.2   671.3   830.3  2307.0  8440.4 31698.2  76094.7    76569
read      402.3   667.6    74.4   118.9   138.7   323.0   409.6   458.7   494.1   537.2   599.0   793.9  1813.1  7640.7 30577.0  19498.3    19372
read      434.3   700.2    74.4   120.9   143.3   350.2   439.2   492.6   534.4   587.3   660.2   818.2  2325.9  7198.2 30839.8  59266.3    59331
read      426.6   574.8    74.4   123.2   146.0   348.1   438.7   490.9   533.3   588.5   668.5   846.2  2195.5  5615.9 30457.5  62418.0    62597
read      426.0   703.4    68.9   118.8   140.0   348.9   433.4   488.4   531.9   584.3   654.3   826.8  1827.8  7384.7 31676.8  37586.3    37702
read      428.9   574.4    74.4   119.6   142.0   352.3   439.3   495.0   539.8   596.1   679.3   939.0  1818.6  5513.2 30228.5  41762.7    41975
read      416.1   696.5    74.4   119.6   140.8   337.7   423.2   479.1   522.2   573.1   639.7   844.6  1693.2  6736.3 32309.7  26004.7    26100
read      451.4   787.3    74.4   131.6   161.0   364.4   445.5   495.6   536.9   592.3   675.8   820.7  2679.3 10518.6 31609.4  82358.0    82500
read      463.5   816.7    74.4   121.0   144.7   361.0   453.2   506.9   550.6   609.7   694.6   960.5  2242.2 10092.1 31862.7  50722.7    50756
read      431.0   642.8    74.4   122.9   146.7   349.3   436.6   488.1   529.4   584.2   663.5   811.0  2383.1  7317.5 30771.9  66671.0    66696
read      434.4   657.3    74.4   121.3   143.8   351.8   440.1   493.4   535.8   591.4   673.0   875.8  2207.1  5494.1 31187.5  53289.7    53364
read      421.7  1150.8    80.4   125.7   146.6   309.9   373.7   407.3   431.9   463.1   510.9   641.6  3023.1 18257.6 32015.0  10569.0    10413
read      447.5   686.0    74.4   125.4   148.9   353.5   444.4   497.4   538.5   592.1   673.0   856.5  2576.2  8555.0 29845.4  64835.0    64876
read      444.6   690.1    74.4   125.7   149.7   358.4   445.9   496.5   538.9   595.6   676.4   834.7  2655.0  9525.4 28855.9  68815.3    69079
read      407.9   629.7    68.9   120.5   140.9   336.2   426.3   476.3   511.0   551.4   614.2   766.8  1741.1  7920.9 31079.8  19321.0    19447
read      467.9   810.5    74.4   134.4   164.6   379.5   466.4   518.5   561.3   620.6   706.4   869.6  2410.8 10158.8 31961.6  81355.0    81182
read      408.6   564.2    74.4   119.1   139.8   339.1   427.0   482.7   525.6   574.5   640.3   833.5  1454.4  6727.3 28383.6  25174.3    25265
read      386.7   969.5    80.4   128.1   149.5   298.6   354.9   387.6   411.9   441.9   485.6   587.8  2476.0 10931.8 32108.8   9655.7     9699
read      433.2   759.0    68.9   119.9   141.8   345.8   431.9   480.8   522.1   577.4   652.4   833.4  2142.2 10887.4 31595.5  48270.7    48659
read      440.0   703.9    68.9   127.3   152.7   353.0   436.5   489.1   532.1   588.2   669.7   811.7  2492.5  9339.5 31317.4  75107.0    75126
read      468.2   559.7    74.4   148.2   187.0   406.3   491.1   545.8   586.3   636.2   721.5   891.5  1611.6  5946.2 26946.3  96360.7    96559
read      443.8   778.0    74.4   122.3   145.4   346.4   435.5   487.7   529.0   582.6   657.3   828.3  2354.8  9346.9 31807.9  56128.3    55885
read      335.4   381.9    80.4   130.1   153.5   302.5   356.2   385.6   406.5   433.8   474.1   555.1   938.5  4352.4 12576.0   9034.7     9039
read      470.2   906.0    74.4   127.7   152.8   362.5   452.4   503.3   545.1   604.2   688.8   876.6  2679.5 14752.4 31773.8  66507.0    66378
read      410.6   505.2    74.4   119.6   140.1   348.2   432.2   483.3   525.1   577.3   646.7   798.0  1796.3  4965.8 28380.7  41108.0    41225
read      456.4   777.1    74.4   122.0   145.0   354.2   444.3   497.4   541.2   598.2   678.7   912.4  2628.0  9634.8 31612.8  52426.7    52371
read      482.7   843.0    74.4   123.2   146.1   363.3   457.2   520.1   570.9   636.4   746.7  1183.5  2664.7  9185.6 32064.5  40024.0    39873
read      406.4   426.0    68.9   119.4   140.0   342.9   427.6   479.4   521.0   575.1   645.3   833.5  1725.4  5183.1 10748.1  41261.7    41176
read      448.0   578.5    74.4   134.4   165.2   375.9   462.1   514.5   558.8   617.9   699.8   857.5  2151.9  5359.2 18950.5  85391.0    85357
read      447.7   652.4    74.4   136.4   167.3   373.6   457.6   507.8   550.0   610.9   688.2   823.3  2156.6  7034.4 30964.2  85351.3    85391
read      461.5   718.0    68.9   141.2   176.6   389.0   467.9   517.5   559.4   619.6   705.9   852.4  2075.5  9965.1 31226.0  91848.0    91890
read      453.6   778.5    68.9   122.6   146.1   358.6   449.8   503.4   547.9   605.1   683.4   867.3  2460.7 10078.7 31518.3  57579.0    57558
read      348.7   607.1    74.4   124.6   147.0   300.0   356.6   388.4   412.5   442.8   489.0   586.7  1158.5  5589.9 32517.2  10029.3     9972
read      451.8   763.5    68.9   127.6   154.6   364.6   449.1   500.1   541.7   597.8   682.6   841.8  2484.1 10624.0 31368.6  74635.3    74636
read      405.3   504.6    68.9   119.6   140.8   341.9   423.0   476.9   520.8   573.9   639.1   833.4  1538.6  5334.3 27940.7  29831.3    29773
read      465.1   823.1    74.4   121.1   146.8   366.0   459.0   510.1   552.2   609.9   690.5   881.1  2668.8 11401.9 31876.1  63569.0    63494
read      363.0   867.1    80.4   132.9   162.5   283.0   329.7   356.6   377.5   404.9   453.8   548.1  2301.0  7904.8 31947.2   7185.0     7201
read      441.6   673.3    68.9   117.6   141.7   355.3   441.1   491.6   533.8   589.1   666.6   849.6  2266.7  7806.3 30885.4  49476.7    49507
read      460.8   794.6    74.4   125.8   151.6   366.4   456.9   509.1   551.9   611.0   695.7   872.7  2519.0 10340.2 31536.8  65248.3    65454
read      456.2   751.4    74.4   138.9   171.6   384.3   462.6   508.8   548.9   608.4   697.9   843.5  1806.4 10348.6 31537.4  88873.3    88537
read      416.1   497.0    74.4   120.7   142.6   349.6   435.1   488.7   532.8   586.5   662.1   854.1  1690.2  6114.6 19574.4  37379.3    36982
read      491.9   792.0    74.4   146.3   185.0   412.9   495.2   545.9   590.1   652.2   747.7   909.4  2044.2 11546.0 31457.0  89063.7    88964
read      482.1   565.7    74.4   154.4   196.2   422.7   508.4   557.5   594.3   648.7   747.9   933.5  1477.1  6630.2 29267.9  96329.3    96479
read      428.5   559.5    68.9   120.5   143.0   351.0   437.8   490.6   534.0   590.1   666.9   873.4  2006.8  6572.6 18296.1  48079.3    47883
read      436.9   661.3    68.9   122.5   145.6   356.3   448.9   501.1   543.3   597.7   673.8   851.7  2052.0  7895.7 30481.5  50582.3    50650
read      478.0   597.8    74.4   143.6   181.4   413.1   507.1   561.3   603.2   656.6   738.9   932.1  1671.3  6726.3 27989.8  89211.3    89242
read      381.9   859.3    80.4   137.8   166.6   302.2   352.9   382.4   402.5   431.4   472.0   567.1  2727.5  8570.7 32098.8   7453.7     7374
read      391.9  1052.2    80.4   134.7   160.2   297.1   350.6   382.8   405.5   432.9   473.5   569.2  2685.4 11648.8 32116.3   8467.0     8507
read      441.5   668.5    74.4   122.5   145.5   356.8   445.6   497.1   539.5   594.4   676.8   878.4  2166.8  6341.2 31673.9  50588.3    50676
read      432.5   640.8    74.4   121.2   143.9   344.9   432.9   484.8   527.2   581.7   657.0   836.5  2396.4  7232.9 27071.6  57268.0    57069
read      435.6   660.4    74.4   120.0   142.3   350.9   436.9   490.1   532.8   587.4   663.5   894.9  2030.0  8478.9 30675.8  43476.7    43520
read      429.3   570.8    68.9   120.6   143.2   345.7   438.4   493.7   538.0   593.0   671.9   899.0  2079.7  5900.4 28985.7  56791.3    56720
read      441.2   619.8    74.4   127.0   151.1   357.0   448.8   503.4   546.2   603.2   681.0   850.4  2338.0  7035.0 30421.2  68195.3    68155
read      462.0   772.9    74.4   127.4   151.4   370.5   463.5   515.5   557.5   613.8   692.1   880.5  2433.8  8785.8 31634.3  60634.3    60444
read      465.3   836.3    74.4   129.5   154.3   364.5   456.6   510.8   556.6   617.1   699.8   886.6  2511.7 11013.1 32275.1  64132.0    63997
read      391.9   495.1    74.4   122.3   143.0   332.3   418.8   466.9   502.3   545.9   615.6   806.4  1379.8  4304.6 29909.8  17280.0    17315
read      447.5   577.4    68.9   130.4   158.1   364.6   447.4   497.7   541.1   603.4   691.3   867.0  2602.2  5667.7 28813.6  78611.3    78596
read      448.6   743.4    74.4   131.8   160.8   368.1   450.5   501.6   543.5   601.3   683.5   826.0  2400.3  8484.4 31707.6  81638.0    81548
read      494.1   623.2    74.4   159.3   205.1   428.4   504.6   550.5   592.0   656.8   771.5   938.2  1740.2  8094.3 30705.5  97192.3    97254
read      441.6   809.1    68.9   119.7   141.8   351.7   436.4   488.0   529.6   582.0   654.4   857.7  2176.0  8725.7 32298.2  46254.7    46135
read      375.2   572.5    80.4   123.5   143.3   319.0   387.7   425.7   453.4   486.8   536.6   656.4  2059.7  5901.8 30605.3  13274.7    13379
read      449.8   768.3    74.4   121.0   143.5   351.8   444.3   500.6   544.0   597.9   679.5   890.4  2299.3 10179.8 31114.2  47068.0    46993
read      451.5   604.9    74.4   146.9   183.9   396.1   475.2   531.2   578.3   634.9   716.6   851.6  1278.3  5674.0 30486.8  98169.7    98274
read      460.7   589.3    74.4   149.2   189.0   399.5   473.9   524.2   567.2   624.9   713.4   856.0  1282.1  7372.4 25789.9  97170.7    97056
read      417.0   549.5    74.4   120.3   141.5   347.8   432.8   483.6   525.7   578.8   652.4   841.7  1745.8  7711.8 15022.7  43459.7    43434
read      420.9   592.1    74.4   120.7   142.4   349.1   432.3   487.1   531.0   585.7   660.0   852.8  1718.1  7415.8 30873.7  36537.3    36406
read      459.8   587.8    74.4   152.7   192.3   404.8   480.5   526.5   566.2   627.1   721.9   869.6  1225.9  5648.3 30591.3  98913.3    99121
read      458.6   678.9    68.9   134.6   164.7   380.0   473.0   530.6   572.5   625.2   704.0   877.9  2110.8  7841.3 31381.4  80815.3    80708
read      452.3   862.4    74.4   120.4   142.7   352.5   436.3   489.8   534.0   591.4   671.4   988.0  2002.2 10847.6 32171.9  40393.3    40517
read      408.6   558.1    74.4   118.7   139.8   341.8   422.1   475.1   519.6   572.4   638.9   833.2  1619.8  6059.2 30977.7  34235.3    34168
read      368.3   875.9    74.4   124.0   146.0   309.6   372.6   406.3   431.7   461.2   504.2   601.6  1461.3  8381.6 56308.9  11634.7    11754
read      538.8   779.8    74.4   161.8   212.8   458.3   548.2   607.1   652.9   718.7   826.2  1024.8  1737.8 10550.2 31425.2  92990.3    93304
read      449.0   735.3    74.4   124.1   148.3   351.9   440.5   493.5   535.4   591.3   674.7   857.0  2674.2  7399.3 31644.8  64704.3    64697
read      489.4   728.5    74.4   153.7   196.5   419.7   501.3   554.9   604.7   668.2   752.2   905.6  1453.3 10822.5 31464.2  92531.0    92626
read      441.4   579.3    74.4   130.7   158.1   367.2   454.7   506.9   547.9   604.3   684.2   837.2  2180.6  6499.8 30269.9  75500.7    75618
read      439.3   705.7    74.4   133.8   163.9   368.3   450.5   499.7   538.8   591.1   672.8   810.0  1919.0  7301.6 31303.5  85869.7    85805
read      407.9   612.1    74.4   121.2   142.0   335.4   423.5   473.2   508.9   553.2   624.7   821.4  1726.4  7201.0 30807.5  19002.0    18930
read      438.7   805.5    68.9   120.6   142.8   349.8   436.9   487.3   528.3   581.2   655.4   823.3  2028.7  9976.4 32253.1  50127.3    50153
read      440.1  1396.9    74.4   126.5   147.4   312.0   372.1   404.1   428.3   459.3   506.0   629.7  3132.4 30530.8 32324.9  10480.7    10377
read      431.5   614.3    74.4   122.5   144.7   353.0   436.0   493.3   538.1   594.3   674.5   923.6  1734.1  8843.7 29290.5  32826.7    33112
read      422.3   776.6    74.4   120.4   141.7   340.7   424.7   478.3   519.6   569.8   637.8   828.3  1558.8  9325.1 31803.6  28916.3    28777
read      447.4   753.6    74.4   120.6   142.5   355.8   443.8   498.0   541.7   600.3   681.5   930.9  2095.0  8943.6 31933.4  45469.7    45709
read      444.3   717.2    68.9   128.7   155.3   365.5   452.0   504.3   545.9   600.2   680.3   826.0  2417.1  7957.4 31606.3  74448.7    74458
read      461.7   781.6    74.4   129.4   155.9   370.8   456.3   508.3   549.6   607.1   687.9   847.9  2904.8  8664.8 31640.5  73465.7    73596
read      397.1   682.0    74.4   118.9   138.7   331.7   412.0   464.9   505.7   552.5   616.5   779.1  1349.4 10757.4 32342.3  27925.3    28031
read      459.2   843.8    74.4   121.8   144.9   363.2   456.3   512.7   556.9   611.2   686.6   903.1  2143.4 10014.9 31853.0  45787.3    45754
read      487.8   798.5    74.4   136.5   168.3   394.5   488.5   546.7   594.2   655.9   743.1   921.5  2641.0 11287.7 31350.3  80094.7    80138
read      450.3   710.3    68.9   125.3   149.6   357.8   449.3   502.5   544.3   599.1   675.4   845.6  2768.2  6447.5 31724.1  64342.0    64350
read      429.1   633.4    74.4   121.1   143.1   349.1   439.4   491.8   534.3   587.3   662.0   848.8  2111.7  5906.7 31442.5  52109.3    51870
read      447.2   763.3    74.4   130.7   157.6   358.4   438.5   489.8   533.0   590.9   678.1   821.4  2493.6 11169.7 31864.9  81016.0    81106
read      462.5   777.3    74.4   133.9   164.8   379.7   468.8   524.8   566.2   619.0   700.0   866.0  2159.2  8534.2 31551.9  81944.7    82064
read      420.3   633.0    74.4   120.0   140.8   345.1   431.0   486.1   529.2   581.1   654.2   858.6  1623.0  7420.0 31589.5  30345.7    30534
read      437.6   794.7    74.4   121.2   142.5   343.9   433.3   492.0   535.1   586.6   666.0   947.4  1826.9  9475.0 32305.9  25447.7    25449
read      488.2   903.2    74.4   131.6   158.8   376.9   470.6   528.2   574.3   636.4   730.5   933.6  2799.9 11454.4 31893.5  67836.7    67525
read      411.3   638.3    74.4   122.2   143.5   338.8   422.2   481.5   526.9   578.8   651.6   918.5  1466.1  5067.0 31304.9  26993.3    27070
read      457.4   837.9    74.4   123.4   145.8   361.6   451.7   507.2   552.2   611.6   692.6   974.5  1973.4 10819.0 36660.1  41192.7    41133
read      416.4   726.4    74.4   119.1   139.9   336.3   419.2   475.7   520.5   574.2   653.1   924.5  1532.1  8318.2 31705.6  28058.3    28009
read      453.8   796.5    74.4   122.5   146.6   355.0   442.8   496.0   538.3   592.4   673.2   867.2  2633.4 10518.3 31786.0  64187.3    64235
read      426.3   973.3    74.4   121.9   143.0   326.9   407.4   454.2   487.4   527.9   586.8   766.6  2285.6 12596.2 36395.7  16447.0    16387
read      461.6   850.1    74.4   124.0   148.3   361.0   451.3   503.0   545.2   600.5   681.8   863.5  2458.4 11884.1 31846.9  62585.3    62388
read      417.0   542.3    74.4   118.9   140.7   344.4   426.2   478.8   521.7   575.4   649.8   909.5  1718.1  6563.1 21764.8  40434.3    40199
read      399.0   731.4    74.4   121.9   142.5   321.4   403.8   450.6   484.3   525.8   587.8   753.9  1592.2  8273.5 31028.3  17015.7    16884
read      443.4   781.5    74.4   122.2   145.6   353.1   443.7   496.4   538.2   592.6   669.2   842.3  2142.8  9757.3 31985.0  55717.0    55763
read      427.3   562.7    74.4   120.4   142.4   352.4   439.1   491.8   533.6   586.4   662.0   883.5  1954.8  5675.7 28649.0  42001.3    41925
read      425.0   695.8    68.9   118.5   139.9   342.7   424.7   473.8   516.9   570.1   640.3   848.5  1879.1  9520.4 31451.2  42634.0    42341
read      504.3   725.2    74.4   150.0   191.2   421.2   511.5   581.5   633.5   690.1   770.6   925.5  1835.0 11114.0 31103.2  94111.0    93577
read      337.7   408.7    86.8   134.4   159.9   292.9   341.8   370.5   393.0   421.2   462.8   558.6  1413.3  5158.2 13506.2   7619.3     7657
read      402.1   695.3    80.4   126.6   149.0   320.8   397.0   439.1   468.3   507.8   568.6   753.4  2156.3  8301.5 31198.6  14337.7    14232
read      425.0   696.0    74.4   120.2   141.4   340.6   423.7   479.6   524.7   578.6   651.6   895.2  1591.7 10046.9 30760.9  30170.7    30107
read      431.4   608.9    74.4   124.7   148.5   348.3   434.5   487.0   529.6   586.1   667.0   826.8  2402.0  6542.5 29967.3  70883.0    71078
read      453.4   634.4    74.4   135.7   168.5   381.0   465.5   517.6   561.0   619.7   701.9   847.1  2172.5  8301.5 30644.3  85431.0    85372
read      449.7   684.2    74.4   122.8   146.1   355.7   448.7   502.6   546.0   604.5   685.1   919.9  2278.1  8446.6 30659.6  54611.7    54930
read      359.5   950.1    86.8   141.0   174.3   276.9   314.0   336.0   352.2   374.3   407.7   474.0  2441.5 10519.6 32059.8   5783.3     5750
read      479.7   900.7    74.4   137.9   168.9   385.7   470.3   522.7   565.8   626.7   715.4   864.6  2373.7 12454.5 32471.4  79738.7    80137
read      454.3   908.9    74.4   122.0   144.7   358.0   444.3   496.5   540.6   594.7   669.8   843.9  2004.6 10909.2 33526.2  41532.3    41449
read      397.3   632.5    74.4   121.2   142.3   330.4   413.1   460.2   494.2   533.9   588.3   756.7  1591.8  6217.2 31090.3  17221.0    17301
read      394.1   429.0    74.4   121.0   141.9   338.4   429.1   484.1   521.4   564.6   628.4   793.3  1361.6  4678.8 11073.3  19999.3    19930
read      448.6   923.6    74.4   119.5   140.9   350.4   436.0   487.6   530.5   586.4   660.9   856.5  1884.4 12193.2 32825.3  41790.3    41776
read      393.3   961.4    80.4   131.9   156.5   302.8   353.9   383.9   405.6   432.6   475.9   577.7  2743.0 11503.6 35525.1   8580.3     8596
read      422.3   462.8    74.4   121.9   144.3   347.8   432.4   488.8   533.5   589.0   669.9   973.4  1782.1  5522.8 10562.6  30816.7    30870
read      457.8   782.3    74.4   126.3   151.6   361.0   452.2   506.3   549.5   609.1   694.0   903.3  2518.6  9241.7 32132.2  70068.0    69978
read      403.3   582.6    74.4   119.0   140.2   334.3   421.3   475.5   517.4   565.6   634.9   836.2  1443.8  5905.5 29709.3  23942.0    23908
read      371.1   943.1    80.4   126.9   148.6   302.1   356.5   387.9   410.2   438.0   480.9   581.3  1388.6 12085.9 36753.2   9823.3     9848
read      445.9   741.7    74.4   126.4   151.1   355.0   440.7   491.9   533.8   590.3   673.8   826.6  2551.8 12169.3 30679.9  71451.0    71598
read      436.9   671.8    74.4   130.7   157.8   362.7   449.0   498.0   536.9   589.7   669.4   808.5  2157.6  9327.8 30219.9  77242.7    77156
read      382.9   613.4    80.4   122.3   142.9   318.2   392.4   432.9   462.5   499.6   556.4   710.5  1590.6  7646.2 28439.4  14178.0    14083
read      455.4   575.1    74.4   139.8   173.5   385.8   468.8   520.5   564.5   625.6   715.9   872.6  2083.1  6089.4 29459.4  87646.3    87786
read      456.7   820.3    74.4   124.2   148.4   359.2   450.4   502.4   544.8   602.0   680.1   855.1  2618.2 10401.2 31965.0  57136.3    57205
read      443.6   707.7    74.4   122.7   145.2   356.6   446.2   500.3   542.4   596.5   675.7   866.5  2234.9  8135.2 31324.0  53141.0    53142
read      455.3   827.9    74.4   129.8   157.6   361.8   446.9   500.1   540.4   593.7   678.5   832.1  2720.2 10401.9 31789.9  77911.0    77998
read      500.2   568.3    74.4   167.1   217.9   446.8   521.5   570.4   612.3   673.5   781.1   943.8  1341.1  7062.8 28415.1  98735.0    98830
read      414.9   693.0    74.4   119.1   140.5   341.7   424.9   479.8   523.5   576.0   647.3   856.2  1553.7  7791.3 36047.4  32461.3    32447
read      468.5   839.5    74.4   131.4   158.4   374.4   465.8   518.8   560.2   618.0   702.4   872.4  2799.8  9152.9 31712.0  74057.3    74382
read      440.5   689.8    74.4   121.9   143.9   349.8   436.2   495.4   541.8   598.5   681.5  1005.4  1976.1  7521.5 30926.4  32072.3    32271
read      449.4   609.1    68.9   124.6   148.1   362.4   455.1   508.2   550.5   609.6   690.7   919.6  2340.7  5896.9 30827.5  55213.0    55273
read      481.4   736.0    74.4   130.5   158.3   381.0   473.0   529.6   573.7   633.6   725.1   937.9  2954.7  8706.9 30365.0  68144.7    68152
read      425.2   664.2    74.4   121.5   142.7   342.3   429.9   486.5   529.4   579.5   652.2   873.3  1847.4  7310.0 31009.4  25530.0    25419
read      421.7   590.7    68.9   120.1   142.1   353.0   439.0   490.4   533.6   588.0   663.5   852.4  1720.2  8054.1 25518.4  43141.0    43187
read      446.2   694.1    74.4   123.5   146.7   353.7   443.1   496.5   539.9   597.1   677.2   868.9  2385.2  9863.6 31361.7  60794.3    60608
read      462.2   757.5    74.4   125.9   150.3   364.2   457.3   512.7   558.0   617.7   701.3   925.7  2552.2  8028.7 31367.5  62009.7    62150
read      406.2   439.4    74.4   119.5   141.2   340.5   422.3   475.7   521.0   574.2   648.5   869.9  1613.9  5612.3  8128.1  30855.3    30864
read      440.9   703.7    74.4   126.1   151.0   355.1   444.0   498.0   540.7   597.6   678.3   829.9  2448.3  9378.3 30781.8  69704.3    69566
read      418.1   543.7    74.4   120.5   142.9   346.6   429.9   482.9   525.6   579.4   652.8   844.1  1724.5  6330.0 23557.2  37981.0    38183
read      435.2   715.6    68.9   120.8   143.7   349.9   436.9   488.6   530.5   585.1   657.9   828.5  2091.3  8780.6 31871.8  51457.3    51253
read      447.3   755.0    68.9   123.1   146.1   357.0   447.2   500.2   542.4   596.2   672.3   854.4  2223.0  8409.1 31815.2  52953.3    53027
read      443.6   796.3    74.4   121.1   142.9   347.6   429.4   483.4   528.1   582.2   657.7   913.4  2078.7 11413.6 31092.7  37004.7    37133
read      466.0   720.3    74.4   130.4   157.5   371.4   461.5   517.7   563.7   623.6   711.7   893.1  2833.5  8431.1 31420.9  73585.0    73413
read      450.4   757.8    74.4   130.9   158.5   365.0   449.8   499.7   540.1   594.1   676.8   820.7  2647.7  9327.1 31668.7  78749.7    78811
read      482.5   869.5    74.4   142.8   178.2   398.6   485.2   536.4   576.0   628.8   718.2   885.5  1988.3 13481.4 31617.8  88513.0    88317
read      442.8   714.4    74.4   122.2   144.5   353.1   441.1   494.3   536.8   591.6   666.7   866.7  2204.8  7501.3 30875.3  46502.7    46504
read      410.5   430.5    74.4   120.3   142.1   347.7   436.2   489.4   531.8   586.6   661.7   860.1  1733.1  3922.1 15891.5  46476.0    46147
read      427.2   651.2    68.9   120.0   141.6   346.5   431.3   486.9   532.3   586.8   664.6   874.7  1698.2  8757.3 25327.6  35045.7    35073
read      408.6   627.8    74.4   122.3   143.0   334.6   421.2   471.0   509.7   556.0   626.3   817.9  1593.4  6060.4 31032.6  18574.0    18693
read      445.4   691.2    68.9   121.1   143.5   353.1   442.9   496.3   540.9   598.7   680.6   903.8  2384.7 10304.9 30742.1  46986.7    46834
read      534.3  1074.0    74.4   137.9   171.7   406.3   496.2   553.2   601.6   669.9   773.3   999.0  3186.2 14070.3 35464.2  76116.7    76427
read      496.5   733.1    74.4   158.8   201.9   426.3   504.3   556.8   604.0   668.7   763.7   921.7  1598.0  9796.2 31332.7  95942.3    96007
read      467.9   746.0    74.4   139.1   171.3   385.3   472.6   528.6   575.0   634.1   718.5   867.7  2156.1 10497.8 31562.5  83950.3    83666
read      438.4   617.2    68.9   125.5   149.4   355.4   443.2   498.0   541.1   596.5   678.3   845.9  2358.1  6953.0 29511.1  64789.0    64655
read      453.9   807.7    68.9   121.1   143.9   352.7   441.7   493.2   536.2   593.7   676.4   896.1  2346.9  9163.4 32135.0  54000.0    54099
read      353.9  1040.0    80.4   143.9   175.8   271.2   310.4   333.6   350.9   373.1   404.4   477.2  2043.7 10326.8 35573.0   5606.7     5485
read      485.6   534.7    74.4   151.2   191.2   420.1   518.3   579.1   619.6   668.0   744.3   925.1  1670.6  6813.2 17270.7  93855.7    94089
read      436.4   574.1    74.4   122.4   145.1   354.4   447.7   501.9   544.1   599.7   677.9   854.1  2287.6  6844.4 16211.1  56993.7    57214
read      427.5   923.9    74.4   120.2   140.6   327.4   411.2   465.8   506.5   553.6   623.1   858.0  1628.6 12382.9 32293.6  23688.0    23788
read      444.4   719.6    74.4   127.6   154.6   359.7   443.1   494.0   535.9   592.3   677.1   827.8  2501.4  9684.3 30955.8  75570.3    75649
read      412.5   609.4    74.4   118.8   140.1   342.9   426.5   476.3   518.8   571.4   642.6   836.3  1694.1  7140.4 31000.2  39521.3    39466
read      447.6   723.8    74.4   121.0   143.7   355.9   444.7   499.0   543.3   601.3   680.8   921.2  2059.9  8282.1 30536.4  47503.7    47463
read      407.7   687.7    74.4   120.9   142.4   331.9   420.7   473.1   511.3   558.1   633.4   816.4  1340.8  8165.3 30282.5  19305.0    19155
read      387.0   415.2    74.4   121.5   142.6   330.9   418.4   467.5   504.1   548.6   616.3   794.4  1251.7  5188.3 16089.7  18663.3    18449
read      433.6   773.5    74.4   120.5   141.2   343.8   429.1   482.4   527.1   582.7   658.9   924.6  1732.0  9169.3 31697.1  35177.3    35235
read      456.5   665.9    68.9   142.0   176.9   386.5   463.1   507.8   546.8   605.2   698.2   851.8  2236.0  8256.9 30947.9  93248.7    93118
read      431.2   609.7    68.9   127.6   153.2   353.7   437.9   490.2   532.0   586.7   668.0   807.7  2392.2  6392.6 28298.2  76288.7    76391
read      461.6   754.4    74.4   127.6   153.3   369.6   464.9   519.9   562.5   618.0   698.6   884.5  2623.5  9939.1 32188.2  70693.3    70733
read      454.8   752.9    74.4   128.2   155.2   364.7   456.2   510.3   553.8   610.4   689.1   857.4  2549.3 10008.1 31897.9  73999.0    74230
read      432.6   701.4    74.4   119.3   140.9   346.5   429.4   483.0   526.8   582.2   658.5   875.4  2058.6  9267.2 31208.3  37310.3    37188
read      422.6   507.1    74.4   120.3   142.3   347.4   438.8   490.8   533.8   588.8   663.5   846.3  2035.1  5767.9 15951.3  48821.7    48862
read      470.8   999.4    74.4   126.6   150.4   361.1   456.6   508.9   551.0   607.0   685.8   889.4  2519.8 11421.6 37040.5  59315.3    59325
read      461.6   746.8    74.4   127.8   152.6   363.8   456.6   510.2   552.2   612.8   700.9   886.7  2640.0 10407.2 31339.1  66182.7    66219
read      435.5   637.0    74.4   122.2   143.9   341.2   432.6   492.3   537.2   591.9   677.1  1010.5  2010.8  7661.1 26353.7  25803.3    25760
read      436.5   636.7    74.4   128.0   153.0   356.7   440.2   491.5   532.5   587.5   672.9   823.9  2440.2  7361.6 29425.6  75150.7    75255
read      439.9   580.2    74.4   126.5   150.7   354.5   442.7   498.4   542.8   601.4   684.3   858.8  2577.1  5928.8 24296.6  67959.0    67915
read      392.2   488.7    74.4   119.9   140.3   329.3   415.7   469.0   507.1   551.2   615.6   796.7  1453.2  4872.9 24024.3  22922.0    23004
read      396.3   646.9    74.4   120.4   140.7   326.5   413.5   467.5   506.2   551.9   623.8   820.4  1263.0 10288.3 30602.0  21985.7    21973
read      446.1   708.2    74.4   131.4   159.9   365.5   450.8   501.0   541.4   593.6   677.7   825.5  2729.1  7972.4 31369.2  82872.0    82811
read      413.9   473.9    74.4   119.7   141.4   348.6   433.1   486.4   531.4   588.1   663.0   896.3  1658.7  4900.4 15892.6  38755.7    38870
read      441.5   668.4    68.9   133.7   163.1   368.2   450.1   500.6   542.3   599.8   685.0   827.7  2160.7 10486.4 30793.7  85493.3    85697
read      466.7   682.7    74.4   142.9   178.9   397.5   480.7   535.1   583.5   642.6   721.6   868.9  1485.6 10624.4 31108.9  94246.7    94176
read     1226.0  1461.9    74.4   454.7   516.7  1053.6  1289.0  1413.3  1514.2  1663.6  1917.9  2451.5  4452.2 29184.7 38203.1  89230.3    89142
read     1322.4  1471.0   118.1   479.5   545.3  1196.0  1426.5  1563.2  1671.0  1805.2  1993.1  2397.2  3931.2 28850.3 36929.4  39360.0    39251
read      934.1  1334.6    80.4   199.3   283.2   776.4  1075.7  1193.8  1276.8  1383.8  1567.1  2009.8  3109.3 25892.8 36205.1  36427.7    36339
read      409.7   613.2    74.4   118.4   138.4   333.2   415.7   470.6   515.1   568.6   638.9   875.1  1574.4  7294.9 29504.6  30315.3    30304
read      433.3   582.8    74.4   121.4   144.2   348.4   440.4   494.2   536.2   591.7   671.6   884.1  2194.1  6533.7 24820.0  58555.7    58303
read      443.4   578.0    74.4   129.6   157.5   362.5   450.3   505.2   549.9   611.3   692.1   853.6  2688.0  6106.1 30415.0  78793.3    78732
read      449.4   800.4    68.9   132.7   160.9   368.4   452.9   504.3   545.5   601.1   682.2   826.2  2266.0 10575.1 32003.9  81596.3    81734
read      465.1   644.8    74.4   139.3   171.9   389.6   476.8   531.1   574.7   633.3   722.2   881.8  2190.4  8594.3 30807.8  85579.0    85654
read      420.0   483.9    74.4   120.5   142.0   350.6   436.1   490.3   535.1   591.0   669.9   887.8  1762.8  4585.1 15030.6  40102.7    40030
read      397.1  1027.5    74.4   126.3   147.5   312.9   374.8   410.5   437.4   469.6   518.6   638.8  1898.4 12558.1 36638.8  11283.7    11145
read      413.3   456.6    74.4   121.9   144.1   341.1   430.0   489.9   534.2   587.9   669.0   915.3  1593.0  6029.9 12795.5  24171.7    24220
read      420.0   524.4    74.4   122.5   143.9   347.5   431.1   485.7   529.6   585.0   664.3   968.6  1695.0  6139.9 14572.2  36277.3    36178
read      437.4   626.4    74.4   124.7   149.0   346.8   435.1   488.9   532.1   588.7   670.0   845.4  2705.5  5446.8 29841.1  69941.7    69625
read      454.7   675.7    74.4   131.6   160.4   370.4   458.6   512.6   554.2   611.0   691.4   858.4  2708.2  7364.5 30580.4  79924.3    80189
read      443.8   628.3    74.4   121.7   145.9   352.3   444.0   496.8   539.5   598.1   683.8   923.3  2342.8  6036.8 30827.7  64364.0    64261
read      444.9   563.6    74.4   128.5   157.0   367.2   455.8   509.2   552.9   614.4   699.0   871.2  2317.8  6505.9 21182.9  78285.3    78356
read      423.0   694.4    74.4   118.8   140.6   337.5   420.4   475.3   520.2   572.8   646.6   937.6  1688.0  9915.9 31297.5  30550.3    30570
read      453.4   793.3    74.4   124.1   148.6   357.6   449.5   502.3   543.8   598.8   678.8   858.8  2515.6 10612.5 31672.5  63568.0    63922
read      429.8   503.3    74.4   129.4   157.0   356.0   437.5   489.0   531.2   589.7   675.9   835.6  2229.0  6144.9 15968.5  82530.3    82549
read      335.1   683.5    86.8   132.9   158.0   276.3   318.9   343.8   364.1   390.9   432.7   513.3  1456.4  9979.4 30722.1   7480.3     7574
read      445.8   733.3    74.4   120.8   143.3   350.3   438.4   494.0   538.9   597.1   679.6   976.5  2147.9 10013.5 31167.7  42102.7    42298
read      439.9   693.6    74.4   120.8   143.3   353.4   440.2   497.4   542.0   597.4   678.4   908.5  1959.0  7463.9 31194.4  39091.7    39152
read      437.9   608.0    74.4   133.9   164.7   373.8   457.3   506.3   546.2   601.5   682.1   825.4  1714.2  7018.3 28871.2  88969.7    88634
read      450.2   717.4    74.4   122.9   146.7   356.8   449.8   503.6   547.4   605.6   686.9   895.4  2354.9  8432.6 30052.1  60658.3    60765
read      399.4   413.4    74.4   119.3   139.9   338.0   419.6   474.7   517.2   568.7   636.3   838.6  1590.4  5068.7 10599.8  30514.3    30534
read      407.9   430.5    74.4   117.9   139.2   340.4   424.1   477.4   523.7   581.3   662.4   939.8  1594.1  5068.8 12588.2  35708.0    35563
read      473.0   666.4    74.4   153.5   195.4   409.8   482.0   528.2   570.5   637.5   739.7   883.4  1538.1  8745.7 31266.1  97149.7    96837
read      461.5   671.2    74.4   131.5   159.7   376.2   461.8   514.0   557.2   618.3   709.3   875.6  2653.1  8946.8 30940.8  74769.7    74496
read      428.3   555.3    74.4   120.9   142.9   354.2   441.4   496.7   541.4   598.0   677.4   900.6  1849.7  6193.1 30431.9  42720.3    42819
read      434.3   642.9    74.4   119.6   141.8   348.1   438.9   493.5   535.9   590.7   670.9   900.3  2074.3  7093.2 31075.5  50111.7    50120
read      378.2   427.8    80.4   120.9   141.3   323.3   403.5   451.3   485.4   526.3   586.7   748.4  1281.0  5735.0 13843.7  17006.7    16904
read      354.1   672.9    80.4   123.7   144.2   298.1   359.9   394.7   420.9   454.3   502.5   614.1  1113.9  8260.8 35507.5  11524.0    11439
read      416.9   692.4    74.4   120.5   142.2   334.1   416.4   471.5   513.9   562.6   634.8   865.7  1864.7  7447.9 31926.4  24111.0    24076
read      451.6   716.4    74.4   136.0   167.0   375.9   459.5   509.8   552.2   610.3   689.9   838.4  2029.8  8993.0 31327.4  84580.3    84757
read      439.3   689.8    74.4   127.6   153.5   359.8   449.2   502.1   543.3   598.9   677.1   820.9  2418.3  7557.3 31624.8  76534.3    76496
read      406.5   395.2    74.4   119.2   140.2   341.2   425.1   479.9   525.9   582.5   659.9   905.5  1621.9  4225.0  8321.8  34796.3    34744
read      332.6   938.6    86.8   138.2   168.1   263.0   296.4   317.9   335.7   357.9   390.4   456.4  1204.4 12976.3 32212.4   5922.0     5910
read      312.6   496.9    86.8   136.9   165.1   269.2   307.3   331.5   350.7   375.1   412.0   490.2  1268.0  4205.4 31007.2   6297.0     6391
read      423.2   670.2    74.4   126.4   150.1   345.1   432.8   489.8   532.5   584.0   661.3   903.1  1523.6  7391.7 32696.1  25566.0    25594
read      413.2   648.2    74.4   119.6   140.8   336.7   419.1   473.9   518.2   570.8   642.3   890.3  1489.9  9988.8 29160.5  30449.3    30327
read      437.9   677.5    74.4   123.9   146.9   347.7   436.9   491.6   534.8   590.1   668.1   847.1  2435.6  8094.4 30887.7  62768.0    62849
read      454.4   578.6    68.9   139.0   172.4   386.5   471.8   528.6   574.2   631.7   711.7   854.5  1820.5  6478.9 28089.3  91495.3    91392
read      411.9   501.8    74.4   119.4   140.4   344.6   427.2   475.4   517.3   572.0   644.0   840.7  1835.4  5091.3 18819.4  44458.7    44328
read      438.7   620.3    74.4   122.0   144.4   355.0   447.5   502.2   545.0   601.8   684.0   927.7  2134.7  5563.5 29410.2  47546.0    47665
read      432.5   686.0    74.4   128.0   154.0   354.9   437.9   488.1   527.7   580.1   659.2   795.9  2355.1  8367.3 31126.3  79094.7    79152
read      377.2   731.6    68.9   123.4   144.1   306.3   369.9   405.1   432.5   466.7   519.1   642.7  2060.2  8904.6 30514.6  11675.0    11613
read      449.4   647.8    74.4   144.8   181.7   389.3   465.1   513.6   553.4   610.3   694.6   837.0  1321.0  7550.0 31541.4  96103.3    96212
read      417.3   446.7    74.4   122.8   144.4   348.0   434.4   493.1   537.6   589.2   660.9   890.3  1702.8  5392.2 11823.3  27152.3    27129
read      450.4   661.7    74.4   135.7   167.3   378.4   463.1   513.9   555.7   614.0   693.2   839.4  1885.3  9236.1 30136.4  86075.7    86430
read      436.1   604.9    74.4   123.4   146.3   353.5   444.3   497.6   539.9   594.3   675.0   864.1  2230.5  6182.4 30241.5  58600.3    58712
read      391.5   382.3    74.4   120.2   140.4   332.5   418.9   472.0   513.5   562.1   630.9   834.1  1378.8  4353.6  9972.5  24054.3    23931
read      352.1   478.0    80.4   132.5   156.3   300.1   352.2   382.3   404.9   434.4   479.3   584.0  1840.9  4862.9 18590.8   8501.0     8445
read      447.5   645.5    74.4   122.9   146.1   356.1   447.6   500.5   544.0   599.7   676.4   874.4  2473.5  7062.2 29090.8  55305.3    55537
read      440.2   753.0    68.9   122.0   144.3   349.3   438.8   490.1   530.8   583.9   658.0   825.3  2291.0  9036.0 31701.2  54887.0    54706
read      429.8   519.2    74.4   121.6   143.8   349.2   438.1   490.2   533.9   589.3   665.0   888.5  2152.3  5036.1 14718.7  52068.7    51997
read      392.4   574.3    74.4   119.6   140.3   322.1   408.0   458.7   494.6   537.8   605.5   788.0  1490.4  7159.7 30264.4  18760.3    18803
read      466.8   650.1    74.4   142.6   179.8   402.5   491.9   541.4   580.2   632.2   721.6   893.5  1441.6  7606.2 31105.5  88887.7    88693
read      456.3   529.9    74.4   141.9   177.8   393.9   476.0   526.4   568.1   628.4   717.7   872.5  1844.2  5681.1 21406.9  91109.7    91224
read      441.6   706.8    68.9   127.7   153.5   357.0   440.7   492.5   535.3   593.8   675.1   836.8  2497.9  9450.0 31049.2  76598.0    76765
read      454.7   653.3    74.4   133.6   163.2   377.5   467.3   522.0   563.7   618.6   695.7   850.2  2216.9  8454.7 30587.8  80251.0    80364
read      446.1   804.5    74.4   122.4   144.9   356.2   446.4   498.8   541.1   595.4   672.1   839.7  2201.7 10136.7 35548.9  54306.3    54372
read      419.4   773.7    68.9   118.2   138.3   336.1   418.9   472.8   514.8   567.0   635.9   836.9  1608.7 10885.3 31682.0  32464.7    32473
read      392.0   459.5    74.4   119.0   139.3   332.5   415.3   471.1   512.7   558.4   621.8   829.8  1378.4  4563.5 20892.1  25861.0    25920
read      379.4   888.5    74.4   124.8   146.1   308.6   372.3   406.1   432.3   466.5   515.8   630.1  1435.0 12406.8 32368.2  11510.7    11574
read      494.9   534.5    74.4   158.4   203.1   440.7   523.1   584.2   632.6   690.0   783.8   942.5  1386.0  6726.2 21624.7  98743.3    99135
read      411.4   654.0    74.4   120.4   141.8   336.5   424.4   480.7   520.8   568.3   636.9   823.7  1553.9  7705.4 31063.6  24146.3    24026
read      431.3   653.1    74.4   136.2   167.2   367.6   446.8   494.8   532.8   582.6   659.7   791.3  1503.2 10518.3 30238.6  92052.0    92271
read      495.2   861.3    74.4   145.1   183.5   411.5   494.4   545.6   588.3   645.8   743.0   917.4  2181.0 13007.5 31919.5  88513.0    88470
read      427.2   591.5    74.4   123.2   146.2   349.2   439.7   491.2   531.5   584.4   656.1   794.7  2206.7  7369.8 28851.5  58438.0    58597
read      457.8   743.4    74.4   133.6   163.7   374.7   460.2   509.5   548.3   605.7   691.8   848.7  2230.7 10681.6 31525.4  83168.3    83103
read      378.1   453.4    74.4   119.8   139.3   319.6   404.6   453.3   488.3   529.7   586.1   726.1  1370.1  4977.5 17103.8  19064.0    19062
read      468.0   787.3    74.4   129.7   156.3   372.2   466.9   524.7   569.0   624.2   703.7   884.9  2774.2  9923.2 31470.3  72908.7    72681
read      419.9   656.3    74.4   122.2   142.9   343.7   428.1   485.5   529.4   581.2   655.5   895.0  1600.1  7460.2 31422.5  30770.7    30900
read      451.0   634.8    74.4   144.1   180.0   386.1   464.0   512.9   553.4   613.3   700.3   839.6  1451.7  8197.4 30741.3  94872.0    94867
read      375.9   395.4    74.4   119.8   139.4   321.9   407.8   462.8   500.6   543.8   605.9   779.9  1212.9  3865.5 12543.5  22594.7    22477
read      478.1   660.2    74.4   150.6   190.4   409.6   498.4   556.5   598.2   652.6   738.7   895.3  1391.8  7444.6 30198.2  98044.0    97890
read      372.1   710.0    80.4   127.2   148.2   308.8   373.8   409.2   435.0   465.4   509.2   621.0  2036.6  7685.8 31909.8  11834.7    11845
read      451.3   550.1    74.4   142.2   178.6   388.9   466.2   514.8   558.5   620.4   708.0   856.6  1663.2  7639.2 21757.3  94871.0    95363
read      452.0   691.5    74.4   137.5   169.8   381.0   469.1   527.4   571.4   622.7   690.6   833.2  1600.1 10499.8 31349.1  90321.7    90122
read      459.6   874.8    74.4   131.9   160.7   370.6   459.8   515.0   558.1   613.3   688.3   840.0  2062.8 14092.0 32072.4  81463.0    81157
read      469.7   735.4    74.4   133.6   163.5   383.0   473.6   531.8   578.8   637.9   724.0   883.1  2378.2 10434.0 30994.2  78420.7    78569
read      492.4   642.3    74.4   153.8   198.7   426.0   514.2   579.6   627.9   683.8   764.4   914.2  1445.0  6304.4 30565.5  97347.3    97434
read      397.9   415.9    74.4   119.1   139.3   336.4   421.8   477.5   520.4   571.1   636.7   858.3  1472.1  4026.4 13210.7  29048.7    29257
read      428.6   640.2    74.4   120.6   142.2   351.6   438.4   492.1   535.7   590.3   663.3   828.9  1881.2  8083.6 30767.3  42228.0    42139
read      394.7   557.1    74.4   119.5   139.9   328.5   414.5   468.7   507.3   549.7   614.9   804.8  1366.0  6852.8 24972.9  21474.3    21444
read      380.7   442.8    80.4   119.5   139.1   325.0   409.2   457.4   492.4   534.6   592.8   747.8  1315.1  4735.2 13417.4  18382.0    18314
read      414.9   489.2    74.4   120.1   142.1   346.3   433.5   484.6   526.9   579.7   650.6   810.9  1901.1  6141.9 13750.0  49113.3    49203
read      455.1   664.1    74.4   139.6   172.5   385.6   469.5   521.0   562.2   618.8   700.1   851.4  1861.0  8159.3 31336.3  87848.3    87787
read      446.6   662.0    74.4   131.3   159.2   366.8   452.7   504.6   547.1   606.5   688.4   831.2  2477.0  8693.8 32408.3  77308.3    77490
read      379.2   700.7    74.4   118.4   137.5   318.9   397.8   441.0   471.1   506.8   558.6   688.7  1152.6  6089.6 35189.0  16368.3    16464
read      404.2   593.0    74.4   119.0   140.0   332.3   419.1   471.2   510.9   557.9   626.4   821.2  1377.1  8721.7 18807.8  23509.0    23314
read      445.2   599.7    68.9   135.8   166.9   373.2   453.1   501.3   542.2   600.5   686.1   834.4  2411.8  6671.3 29694.9  88550.0    88655
read      429.1   657.9    74.4   120.0   142.0   344.5   433.1   490.2   532.6   581.5   648.1   839.9  1861.5 10490.0 21410.9  28139.7    28245
read      430.0   654.4    74.4   119.5   141.5   349.9   433.4   486.0   531.0   586.2   661.5   893.9  1826.3  7997.8 31086.4  40484.7    40610
read      435.4   629.8    74.4   127.0   152.8   352.7   436.1   487.8   529.8   585.2   666.4   819.6  2676.3  6877.9 30402.3  76973.0    77039
read      396.1   353.8    74.4   118.6   139.4   339.1   419.3   470.8   513.7   566.4   633.9   817.2  1608.2  3440.9 10350.2  35086.0    35056
read      425.6   647.7    74.4   120.3   142.1   340.2   426.3   482.4   526.0   577.2   646.0   891.4  2070.0  7949.2 30587.0  26735.0    26782
read      416.7   510.9    74.4   120.6   142.3   347.1   436.1   488.2   529.9   583.3   655.4   827.9  1922.0  4674.2 11901.6  53029.3    53121
read      357.8   546.7    74.4   120.3   141.1   317.7   392.4   432.6   462.0   496.9   545.5   660.4  1013.8  4045.1 31790.3  15077.3    15035
read      418.7   720.5    74.4   119.2   140.7   341.7   424.6   478.8   522.4   575.3   643.9   833.2  1568.8  9575.5 31364.2  33704.7    33766
read      504.0   482.6    74.4   166.9   217.8   439.0   526.2   590.6   641.8   707.7   798.5   956.1  1670.4  5092.5 17331.9  99738.3    99826
read      417.2   492.7    74.4   119.6   141.4   346.5   433.8   485.0   527.5   582.0   655.6   847.4  1944.9  5878.9 13063.5  49523.7    49516
read      391.2   399.0    74.4   119.9   140.8   334.2   419.5   474.0   514.3   562.0   624.9   795.4  1415.3  3983.7  9585.6  25858.0    25895
read      464.3   761.2    74.4   125.7   150.7   361.4   454.6   509.2   554.3   614.3   697.3   919.6  2791.9  7475.7 31798.2  64840.3    64849
read      449.7   738.7    74.4   131.6   160.2   373.0   461.4   511.2   549.3   602.8   685.1   843.5  2247.0  8685.6 31151.5  79845.0    79516
read      439.0   674.4    74.4   122.2   144.6   354.5   447.6   501.3   542.6   596.1   674.9   840.9  2191.6  8658.3 30794.8  54950.7    55109
read      444.0   641.4    74.4   126.2   151.0   358.3   446.3   501.5   545.0   603.0   686.7   856.2  2417.1  6447.4 31103.7  70078.7    69984
read      420.6   548.9    74.4   123.0   144.5   349.9   436.1   491.9   535.4   590.5   666.2   857.6  1701.2  6773.7 30261.2  34441.3    34454
read      379.0   312.2    68.9   122.7   144.2   329.1   415.2   465.0   503.5   552.5   622.7   733.0  1688.7  2923.5  8465.8  64952.0    64785
read      371.4   277.5    68.9   120.1   140.9   334.8   414.3   460.5   496.9   543.1   610.9   717.0  1448.7  2152.9  8055.4  44259.3    43963
read      378.3   306.3    68.9   128.7   153.1   331.9   414.1   464.6   504.1   552.8   622.9   730.6  1092.7  3213.6 10833.1  90328.3    90279
read      372.5   287.5    68.9   121.1   142.2   326.3   410.7   459.4   497.1   544.3   611.4   716.6  1632.4  2931.5  6133.5  62461.7    62151
read      373.3   271.7    68.9   121.8   143.0   333.2   415.3   462.2   499.7   545.6   609.0   714.7  1496.6  2372.2  6915.3  47071.3    46958
read      385.6   403.0    68.9   127.6   150.4   331.1   413.8   462.5   500.4   550.9   623.7   737.5  1595.0  3862.3 12582.1  82325.7    82432
read      369.4   248.5    68.9   122.4   143.5   332.7   412.6   459.3   496.2   542.4   607.5   715.8  1442.4  2090.2  3980.2  45760.0    45518
read      410.8   339.9    74.4   140.9   171.9   364.6   452.4   504.2   543.2   591.6   663.5   793.3  1159.3  3351.4  9088.8  97169.7    97055
read      364.3   376.8    74.4   124.2   145.3   328.6   406.1   452.6   487.4   531.2   587.7   681.0  1083.4  4131.3 11545.2  28905.7    28977
read      382.2   317.7    68.9   125.1   147.2   329.4   413.0   463.0   502.3   552.0   625.8   737.7  1725.5  3230.2  5642.2  72559.7    72436
read      286.0   231.2    86.8   153.1   186.2   272.0   302.1   319.5   333.2   347.8   368.2   405.3   502.5  4444.8  8949.9   5153.3     5078
read      380.7   362.0    74.4   127.0   150.0   330.9   413.9   464.0   502.0   549.5   619.6   732.1  1289.1  3933.2 10560.0  80857.0    81357
read      360.9   257.6    74.4   122.0   142.9   328.3   407.9   456.8   493.4   536.1   593.5   688.0  1076.0  2610.6  8590.0  28460.3    28531
read      384.2   369.8    68.9   129.5   154.3   336.3   418.3   467.7   506.5   556.9   628.7   739.1  1105.8  3470.2  8995.3  87084.3    87140
read      370.8   263.4    68.9   121.9   143.5   336.4   413.2   460.1   497.1   544.0   609.3   713.4  1316.1  2002.3  8126.7  37148.0    36881
read      327.9   185.7    74.4   129.8   151.5   319.1   377.7   407.8   430.6   457.1   491.1   549.4   746.4  2541.7  7026.0  13047.0    12972
read      373.0   259.7    68.9   121.7   143.3   337.1   416.4   463.2   500.8   546.8   611.3   717.8  1386.7  2102.5  7071.9  42180.0    41961
read      381.9   324.2    68.9   125.4   148.7   334.1   418.9   469.0   508.1   557.2   627.4   740.2  1307.2  3209.1  7093.1  76564.0    76602
read      385.9   300.5    68.9   132.9   159.8   343.6   425.6   474.3   512.2   561.5   630.6   742.1  1017.2  3385.7  8636.3  92974.3    93251
read      381.0   301.4    74.4   122.9   144.8   341.8   422.5   471.8   512.3   562.0   628.3   735.8  1354.4  2426.8  7633.8  35144.3    35269
read      390.4   324.1    74.4   130.3   155.5   339.5   424.1   475.8   517.9   570.7   641.5   758.9  1294.7  3468.5  6897.3  86457.0    86366
read      371.3   373.0    74.4   121.9   143.5   331.0   409.8   459.5   496.4   540.3   600.5   701.5  1204.0  3848.2 13169.9  29234.7    29241
read      385.5   309.5    68.9   123.1   144.7   336.5   426.1   476.0   515.1   564.8   633.3   750.7  1600.2  2816.6 10648.6  57021.7    57116
read      377.9   297.4    74.4   127.4   150.4   330.2   412.1   463.1   502.4   550.3   622.0   732.2  1185.4  3382.4  6375.8  81889.3    81511
read      375.0   269.3    68.9   120.9   142.8   337.7   418.2   464.9   501.7   548.5   617.7   723.1  1456.0  2123.9  7170.6  45165.7    45059
read      380.0   332.0    74.4   124.6   147.1   327.2   411.4   462.1   500.3   549.3   620.4   730.8  1768.2  3243.5  7903.4  75792.0    75774
read      374.1   283.8    68.9   121.8   142.8   328.5   414.3   462.9   501.6   550.5   617.4   723.9  1593.6  2611.6  6340.7  61677.7    61736
read      309.0   239.2    74.4   136.9   160.4   296.5   338.7   362.5   380.1   402.3   432.8   483.6   623.8  3952.6  7935.9   8991.0     8949
read      374.0   322.4    68.9   121.7   143.7   327.0   410.6   460.7   498.6   545.7   611.9   718.1  1629.3  2835.4  6398.0  66077.0    66290
read      373.3   298.8    63.8   125.5   148.5   325.9   406.3   456.6   496.0   545.7   617.3   728.7  1311.2  3184.3  8070.3  82664.0    82937
read      369.7   284.1    74.4   124.0   145.6   323.1   406.2   457.2   495.6   544.0   612.6   717.1  1449.9  3089.3  5191.0  74149.7    74263
read      358.4   267.0    74.4   123.6   144.5   326.2   406.8   454.2   489.2   530.2   584.8   676.1  1032.7  2914.1  8648.9  25505.0    25664
read      374.5   311.4    68.9   121.7   143.3   324.3   409.5   460.4   499.1   547.3   613.9   723.1  1620.2  2977.6  7172.0  64207.3    64314
read      353.0   243.0    74.4   123.4   144.1   322.7   400.9   447.2   479.6   518.7   570.2   663.5  1017.2  2872.9  8751.6  23729.7    23804
read      371.1   290.2    74.4   122.1   143.4   326.5   411.1   460.7   497.6   545.3   612.1   715.8  1533.1  2733.2  7404.9  66471.3    66356
read      370.8   267.6    74.4   120.5   141.5   328.4   410.5   457.5   494.0   540.2   605.3   716.4  1502.6  2285.5  6210.5  49359.3    49506
read      374.4   284.2    68.9   120.9   142.0   329.0   413.3   461.7   499.8   547.2   612.8   721.1  1614.3  2528.7  7056.5  54791.3    54758
read      378.2   307.7    63.8   123.0   144.7   326.7   410.8   461.8   501.9   551.3   621.9   738.2  1676.9  3088.9  5877.2  72214.7    72283
read      387.7   307.1    74.4   134.6   161.7   345.2   427.3   476.6   514.9   564.1   633.4   743.9  1022.5  3290.7  9547.2  95723.3    95641
read      354.5   234.7    74.4   123.1   143.3   325.7   406.0   454.4   488.2   527.0   577.6   670.2  1035.8  1410.6  8053.3  24283.0    24157
read      334.1   281.9    74.4   125.7   146.2   318.3   382.9   417.4   442.0   470.0   507.8   580.3   796.1  3207.7  9862.3  15144.3    15088
read      390.5   376.2    68.9   126.2   149.0   332.5   418.3   469.5   510.5   564.3   635.9   756.7  1802.6  3758.3 11771.8  73713.7    73735
read      392.1   304.5    68.9   127.3   150.9   340.9   429.2   482.6   524.2   576.5   648.9   773.2  1482.5  3374.0  6707.6  75385.0    75655
read      372.8   361.0    63.8   118.8   139.6   329.4   408.8   454.6   490.4   535.4   597.9   714.7  1463.3  3330.1 10411.3  44854.3    44689
read      356.2   238.7    68.9   118.9   139.7   326.9   401.2   445.4   479.9   525.5   582.5   682.3  1188.3  1808.8  8704.4  37985.3    37890
read      369.5   265.1    68.9   121.2   142.5   331.9   412.5   458.8   494.7   540.7   602.9   710.1  1466.3  2199.7  6646.7  50684.3    50565
read      376.6   330.1    68.9   126.8   149.1   327.8   407.9   457.4   495.6   544.3   612.7   722.7  1460.7  3373.1  8284.0  81476.3    81326
read      384.5   357.0    68.9   124.5   147.7   330.5   413.0   463.5   503.2   553.8   624.5   738.2  1727.1  3420.4  9024.0  75559.0    75641
read      374.9   281.4    74.4   132.2   158.2   333.5   411.0   458.9   496.5   544.4   610.4   715.5  1002.4  3353.5  7432.4  97055.3    97055
read      344.1   223.8    68.9   119.6   140.1   317.2   392.3   436.4   468.1   507.4   556.2   634.3  1022.3  2107.0  5143.9  26426.0    26336
read      368.3   275.4    74.4   122.0   143.2   325.4   408.1   455.9   493.2   539.0   599.5   699.4  1613.9  2615.8  5053.3  63998.0    63820
read      368.0   314.9    68.9   126.3   149.3   324.4   403.4   451.9   490.0   537.9   603.0   707.3  1041.7  3257.2 10522.9  85613.3    85404
read      332.5   189.5    74.4   123.4   143.8   314.4   387.9   425.8   453.3   484.6   525.3   600.9   853.6  1279.9  6075.8  18051.7    18025
read      366.5   261.8    74.4   119.1   140.2   330.6   408.0   453.3   489.1   534.9   596.0   708.3  1384.3  1988.2  7236.2  42041.7    42168
read      365.2   286.1    68.9   121.1   142.2   330.7   408.0   455.2   492.2   537.1   595.0   698.4  1292.2  1890.3 11251.7  37313.3    37351
read      362.5   365.1    68.9   120.5   141.1   324.9   399.5   446.6   482.6   526.0   581.0   681.0  1164.6  4658.9  8724.4  31769.0    31615
read      364.6   265.8    68.9   119.6   140.3   331.3   407.9   453.1   489.3   533.6   589.1   688.3  1394.3  2015.8  5339.4  46327.7    46356
read      342.9   227.3    74.4   120.3   140.4   312.3   390.0   434.6   467.2   506.1   555.4   652.5  1046.8  1454.7  5359.0  24798.7    24714
read      371.8   334.2    68.9   121.4   142.3   324.6   406.5   456.0   493.7   540.8   606.6   712.0  1606.2  3069.3 11778.9  67456.3    67626
read      330.3   204.3    74.4   124.0   144.2   314.7   382.3   417.2   442.4   470.7   508.4   578.3   809.0  3209.7  5347.2  15823.3    15739
read      389.3   367.7    74.4   131.2   156.7   340.6   423.6   473.1   512.9   564.9   637.2   748.2  1144.4  3934.5 10017.5  87908.3    87755
read      338.0   320.8    74.4   127.3   147.6   324.2   387.6   419.7   442.6   469.0   505.1   570.4   808.1  2749.7 19484.3  14437.3    14357
read      378.0   279.0    68.9   121.2   142.8   334.8   420.7   468.6   505.5   551.2   616.4   723.1  1592.0  2591.9  5668.8  51386.7    51514
read      377.1   299.9    68.9   121.9   143.7   326.8   412.2   462.6   500.9   548.6   618.7   730.2  1657.2  3218.7  6489.9  72218.7    72102
read      383.7   340.1    68.9   127.7   151.4   333.4   415.6   464.9   504.0   554.4   625.6   741.9  1364.8  3712.7  8703.4  84668.3    84799
read      344.4   253.9    74.4   122.8   143.1   316.1   393.0   435.9   466.2   501.0   544.7   631.4   969.3  3279.2  7744.8  21027.7    21168
read      365.4   242.3    68.9   121.3   142.4   332.6   411.1   455.9   491.6   536.5   594.1   694.2  1354.8  2157.6  6532.1  43920.3    43828
read      331.7   307.3    74.4   127.5   148.0   311.7   371.3   402.4   425.0   452.0   490.2   558.3   788.9  5983.6  9949.3  13329.7    13381
read      369.2   287.8    74.4   121.8   142.9   324.1   406.4   455.9   493.3   541.7   607.9   711.1  1482.8  2932.4  7219.5  69907.3    70057
read      335.2   225.2    74.4   122.2   143.5   314.4   387.8   427.8   455.7   487.6   529.0   596.9   845.9  2368.4  7629.3  19485.7    19482
read      333.3   447.5    74.4   126.7   147.3   315.5   375.3   404.8   427.0   453.2   488.3   547.2   750.7  5322.8 30677.0  13556.7    13593
read      359.2   280.8    74.4   120.3   141.9   326.5   400.2   445.8   481.2   523.0   577.8   672.9  1163.7  3358.6  8770.0  30934.0    30935
read      361.2   251.8    74.4   122.3   143.8   329.5   405.4   453.6   488.5   530.6   587.0   686.8  1131.5  1971.2  8242.8  27347.3    27564
read      377.0   310.2    74.4   129.3   154.0   332.3   412.2   461.8   500.3   548.3   616.9   725.1  1083.7  3447.1  7863.6  89141.7    89146
read      319.1   271.2    74.4   130.0   150.4   308.2   362.1   389.9   409.3   433.6   465.9   528.2   707.8  2316.8 11426.6  12003.7    12015
read      316.4   183.6    74.4   128.9   150.3   305.3   360.6   389.2   409.4   434.9   468.0   532.7   711.9  2372.8  5731.2  12339.0    12458
read      381.3   347.3    74.4   122.7   146.0   344.2   424.7   469.4   505.9   551.0   613.5   723.2  1457.4  2111.9  8408.3  43111.3    43213
read      373.9   269.1    68.9   122.0   144.6   339.6   415.8   463.2   499.2   543.6   606.3   715.0  1301.9  2851.5 10535.5  34370.7    34454
read      373.5   324.5    68.9   123.8   146.2   326.0   406.2   456.2   495.6   545.5   615.1   724.1  1381.4  3351.3 10425.0  79138.7    79142
read      367.8   265.6    68.9   119.4   140.1   335.2   413.2   459.2   496.0   540.9   600.3   696.2  1354.5  2112.5  7547.9  43269.0    43458
read      377.4   285.4    74.4   121.9   143.5   330.7   415.8   464.7   502.8   550.9   617.6   726.8  1696.6  2878.3  5659.8  65471.0    65461
read      337.5   292.3    74.4   122.1   142.0   317.5   389.3   427.0   453.8   484.7   526.1   597.4   826.4  3803.2  9724.9  17968.7    17883
read      358.6   372.2    74.4   122.4   143.7   325.9   406.3   451.2   482.9   521.2   572.3   667.0  1011.3  4772.2 14382.5  22038.7    21816
read      379.7   292.1    68.9   130.5   156.6   338.5   417.9   466.0   503.5   550.3   620.2   730.0  1043.3  3225.7  6784.8  92057.3    92112
read      377.7   305.3    68.9   126.6   150.6   333.2   413.7   462.0   499.0   546.1   617.1   730.4  1164.1  3204.5  7916.9  86496.7    86516
read      368.9   294.3    68.9   125.8   148.6   326.8   404.6   452.2   489.1   536.4   606.2   716.8  1065.5  3212.8  7554.8  85644.0    85434
read      374.9   313.6    68.9   120.4   141.5   331.9   414.2   461.3   498.6   544.7   605.9   713.2  1554.3  2606.7  7008.5  49271.7    49269
read      376.9   288.5    68.9   122.5   143.9   330.1   415.7   466.0   504.8   553.4   622.6   733.7  1568.8  2940.0  5110.0  64833.7    64819
read      364.2   253.9    68.9   119.0   140.0   330.1   408.3   452.8   488.0   532.6   590.9   690.0  1409.7  2029.6  7026.6  45505.7    45466
read      380.4   375.9    74.4   124.3   146.6   329.4   413.6   463.3   501.8   551.4   623.4   736.7  1492.7  3606.4  8435.5  74528.3    74721
read      346.0   234.9    68.9   121.5   142.1   316.2   396.4   442.4   474.0   509.7   558.8   639.7   992.3  1899.6  6047.7  22879.3    22910
read      361.1   263.2    68.9   119.4   140.0   326.6   402.8   446.5   481.4   526.5   584.9   684.5  1432.1  2052.1  6727.1  48187.7    47947
read      370.2   276.2    74.4   120.8   141.9   325.7   409.3   458.4   496.8   543.5   608.3   713.4  1507.7  2872.5  6702.7  69311.0    69579
read      373.8   320.3    68.9   120.5   141.8   328.7   413.3   461.8   498.5   545.2   610.5   717.5  1616.1  2677.5  6874.1  61413.0    61494
read      361.1   436.9    68.9   119.6   139.9   323.2   398.5   446.1   482.8   526.3   582.1   676.2  1176.2  2824.2 30220.9  31868.3    31948
read      362.2   270.5    68.9   119.2   140.7   328.9   405.0   451.1   486.9   531.7   588.4   683.8  1348.6  2183.7  6455.9  43443.0    43538
read      369.5   281.5    74.4   121.4   142.6   324.0   406.4   454.4   492.1   539.9   607.5   716.3  1547.4  2987.3  4742.3  70194.3    70090
read      314.5   200.3    74.4   136.3   161.5   303.1   348.6   373.2   392.3   415.0   446.1   502.1   679.4  2296.8  7794.7   9047.3     9010
read      392.7   310.5    74.4   125.4   147.9   344.3   431.2   481.2   520.8   571.5   638.6   760.1  1724.4  2479.5  9621.7  53290.7    53510
read      445.1   376.3    74.4   137.7   167.8   379.6   476.7   542.0   593.6   661.7   754.9   933.0  1593.1  3554.6 13308.4  84468.3    84446
read      406.7   338.1    68.9   127.9   152.2   347.8   440.9   495.6   538.4   594.2   673.5   818.2  1734.2  3402.6  8459.9  70148.7    70319
read      384.2   295.3    68.9   122.0   144.1   341.1   427.7   476.7   515.6   565.2   631.1   742.0  1605.1  2415.5  7815.6  55611.3    55737

Total QPS = 52037.6 (93667680 / 1800.0s)

Total connections = 64
Misses = 0 (0.0%)
Skipped TXs = 0 (0.0%)

RX 23135917701 bytes :   12.3 MB/s
TX          0 bytes :    0.0 MB/s
Warning! Detected max cpu usage > 95%
CPU Usage Stats (avg/min/max): 99.98%,45.45%,100.00%
